400100,'ES-OuvertureTardive-RDS-16A140',757,,17769,9,0,7,1,48,,17770,9,0,9,1,7,,17771,9,0,7,1,8,,17772,9,0,9,1,7,,17773,9,0,7,1,8,,17774,9,0,9,1,7,,17775,9,0,7,1,8,,17776,9,0,9,1,7,,17777,9,0,7,1,48,,17778,9,0,9,1,7,,17779,9,0,7,1,8,,17780,9,0,9,1,7,,17781,9,0,7,1,8,,17782,9,0,9,1,7,,17783,9,0,7,1,8,,17784,9,0,9,1,7,,17785,9,0,7,1,48,,17786,9,0,9,1,7,,17787,9,0,7,1,8,,17788,9,0,9,1,7,,17789,9,0,7,1,8,,17790,9,0,9,1,7,,17791,9,0,7,1,8,,17792,9,0,9,1,7,,17793,9,0,7,1,48,,17794,9,0,9,1,7,,17795,9,0,7,1,8,,17796,9,0,9,1,7,,17797,9,0,7,1,8,,17798,9,0,9,1,7,,17799,9,0,7,1,8,,17800,9,0,9,1,7,,17801,9,0,7,1,48,,17802,9,0,9,1,7,,17803,9,0,7,1,8,,17804,9,0,9,1,7,,17805,9,0,7,1,8,,17806,9,0,9,1,7,,17807,9,0,7,1,8,,17808,9,0,9,1,7,,17809,9,0,7,1,48,,17810,9,0,9,1,7,,17811,9,0,7,1,8,,17812,9,0,9,1,7,,17813,9,0,7,1,8,,17814,9,0,9,1,7,,17815,9,0,7,1,8,,17816,9,0,9,1,7,,17817,9,0,7,1,48,,17818,9,0,9,1,7,,17819,9,0,7,1,8,,17820,9,0,9,1,7,,17821,9,0,7,1,8,,17822,9,0,9,1,7,,17823,9,0,7,1,8,,17824,9,0,9,1,7,,17825,9,0,7,1,48,,17826,9,0,9,1,7,,17827,9,0,7,1,8,,17828,9,0,9,1,7,,17829,9,0,7,1,8,,17830,9,0,9,1,7,,17831,9,0,7,1,8,,17832,9,0,9,1,7,,17833,9,0,7,1,48,,17834,9,0,9,1,7,,17835,9,0,7,1,8,,17836,9,0,9,1,7,,17837,9,0,7,1,8,,17838,9,0,9,1,7,,17839,9,0,7,1,8,,17840,9,0,9,1,7,,17841,9,0,7,1,48,,17842,9,0,9,1,7,,17843,9,0,7,1,8,,17844,9,0,9,1,7,,17845,9,0,7,1,8,,17846,9,0,9,1,7,,17847,9,0,7,1,8,,17848,9,0,9,1,7,,17849,9,0,7,1,48,,17850,9,0,9,1,7,,17851,9,0,7,1,8,,17852,9,0,9,1,7,,17853,9,0,7,1,8,,17854,9,0,9,1,7,,17855,9,0,7,1,8,,17856,9,0,9,1,7,,17857,9,0,7,1,48,,17858,9,0,9,1,7,,17859,9,0,7,1,8,,17860,9,0,9,1,7,,17861,9,0,7,1,8,,17862,9,0,9,1,7,,17863,9,0,7,1,8,,17864,9,0,9,1,7,,17865,9,0,7,1,48,,17866,9,0,9,1,7,,17867,9,0,7,1,8,,17868,9,0,9,1,7,,17869,9,0,7,1,8,,17870,9,0,9,1,7,,17871,9,0,7,1,8,,17872,9,0,9,1,7,,17873,9,0,7,1,48,,17874,9,0,9,1,7,,17875,9,0,7,1,8,,17876,9,0,9,1,7,,17877,9,0,7,1,8,,17878,9,0,9,1,7,,17879,9,0,7,1,8,,17880,9,0,9,1,7,,17881,9,0,7,1,48,,17882,9,0,9,1,7,,17883,9,0,7,1,8,,17884,9,0,9,1,7,,17885,9,0,7,1,8,,17886,9,0,9,1,7,,17887,9,0,7,1,8,,17888,9,0,9,1,7,,17889,9,0,7,1,48,,17890,9,0,9,1,7,,17891,9,0,7,1,8,,17892,9,0,9,1,7,,17893,9,0,7,1,8,,17894,9,0,9,1,7,,17895,9,0,7,1,8,,17896,9,0,9,1,7,,17897,9,0,7,1,48,,17898,9,0,9,1,7,,17899,9,0,5,1,8,,17900,9,0,9,1,7,,17901,9,0,7,1,8,,17902,9,0,9,1,6,,17903,9,0,5,1,8,,17904,9,0,9,1,7,,17905,9,0,7,1,48,,17906,9,0,7,1,7,,17907,9,0,9,1,8,,17908,9,0,7,1
400100,'ES-OuvertureTardive-RDS-16A144',757,,17909,9,0,7,1,48,,17910,9,0,9,1,7,,17911,9,0,7,1,8,,17912,9,0,9,1,7,,17913,9,0,7,1,8,,17914,9,0,9,1,7,,17915,9,0,7,1,8,,17916,9,0,9,1,7,,17917,9,0,7,1,48,,17918,9,0,9,1,7,,17919,9,0,7,1,8,,17920,9,0,9,1,7,,17921,9,0,7,1,8,,17922,9,0,9,1,7,,17923,9,0,7,1,8,,17924,9,0,9,1,7,,17925,9,0,7,1,48,,17926,9,0,9,1,7,,17927,9,0,7,1,8,,17928,9,0,9,1,7,,17929,9,0,7,1,8,,17930,9,0,9,1,7,,17931,9,0,7,1,8,,17932,9,0,9,1,7,,17933,9,0,7,1,48,,17934,9,0,9,1,7,,17935,9,0,7,1,8,,17936,9,0,9,1,7,,17937,9,0,7,1,8,,17938,9,0,9,1,7,,17939,9,0,7,1,8,,17940,9,0,9,1,7,,17941,9,0,7,1,48,,17942,9,0,9,1,7,,17943,9,0,7,1,8,,17944,9,0,9,1,7,,17945,9,0,7,1,8,,17946,9,0,9,1,7,,17947,9,0,7,1,8,,17948,9,0,9,1,7,,17949,9,0,7,1,48,,17950,9,0,9,1,7,,17951,9,0,7,1,8,,17952,9,0,9,1,7,,17953,9,0,7,1,8,,17954,9,0,9,1,7,,17955,9,0,7,1,8,,17956,9,0,9,1,7,,17957,9,0,7,1,48,,17958,9,0,9,1,7,,17959,9,0,7,1,8,,17960,9,0,9,1,7,,17961,9,0,7,1,8,,17962,9,0,9,1,7,,17963,9,0,7,1,8,,17964,9,0,9,1,7,,17965,9,0,7,1,48,,17966,9,0,9,1,7,,17967,9,0,7,1,8,,17968,9,0,9,1,7,,17969,9,0,7,1,8,,17970,9,0,9,1,7,,17971,9,0,7,1,8,,17972,9,0,9,1,7,,17973,9,0,7,1,48,,17974,9,0,9,1,7,,17975,9,0,7,1,8,,17976,9,0,9,1,7,,17977,9,0,7,1,8,,17978,9,0,9,1,7,,17979,9,0,7,1,8,,17980,9,0,9,1,7,,17981,9,0,7,1,48,,17982,9,0,9,1,7,,17983,9,0,7,1,8,,17984,9,0,9,1,7,,17985,9,0,7,1,8,,17986,9,0,9,1,7,,17987,9,0,7,1,8,,17988,9,0,9,1,7,,17989,9,0,7,1,48,,17990,9,0,9,1,7,,17991,9,0,7,1,8,,17992,9,0,9,1,7,,17993,9,0,7,1,8,,17994,9,0,9,1,7,,17995,9,0,7,1,8,,17996,9,0,9,1,7,,17997,9,0,7,1,48,,17998,9,0,9,1,7,,17999,9,0,7,1,8,,18000,9,0,9,1,7,,18001,9,0,7,1,8,,18002,9,0,9,1,7,,18003,9,0,7,1,8,,18004,9,0,9,1,7,,18005,9,0,7,1,48,,18006,9,0,9,1,7,,18007,9,0,7,1,8,,18008,9,0,9,1,7,,18009,9,0,7,1,8,,18010,9,0,9,1,7,,18011,9,0,7,1,8,,18012,9,0,9,1,7,,18013,9,0,7,1,48,,18014,9,0,9,1,7,,18015,9,0,7,1,8,,18016,9,0,9,1,7,,18017,9,0,7,1,8,,18018,9,0,9,1,7,,18019,9,0,7,1,8,,18020,9,0,9,1,7,,18021,9,0,7,1,48,,18022,9,0,9,1,7,,18023,9,0,7,1,8,,18024,9,0,9,1,7,,18025,9,0,7,1,8,,18026,9,0,9,1,7,,18027,9,0,7,1,8,,18028,9,0,9,1,7,,18029,9,0,7,1,48,,18030,9,0,9,1,7,,18031,9,0,7,1,8,,18032,9,0,9,1,7,,18033,9,0,7,1,8,,18034,9,0,9,1,7,,18035,9,0,7,1,8,,18036,9,0,9,1,7,,18037,9,0,7,1,48,,18038,9,0,9,1,7,,18039,9,0,7,1,8,,18040,9,0,9,1,7,,18041,9,0,7,1,8,,18042,9,0,9,1,7,,18043,9,0,5,1,8,,18044,9,0,9,1,7,,18045,9,0,7,1,48,,18046,9,0,9,1,6,,18047,9,0,5,1,8,,18048,9,0,9,1,7,,18049,9,0,7,1,8,,18050,9,0,7,1,7,,18051,9,0,9,1,8,,18052,9,0,7,1
400100,'16B156',557,,14715,9,0,7,1,48,,14716,9,0,9,1,7,,14717,9,0,7,1,8,,14718,9,0,9,1,7,,14719,9,0,7,1,8,,14720,9,0,9,1,7,,14721,9,0,7,1,8,,14722,9,0,9,1,7,,14723,9,0,7,1,48,,14724,9,0,9,1,7,,14725,9,0,7,1,8,,14726,9,0,9,1,7,,14727,9,0,7,1,8,,14728,9,0,9,1,7,,14729,9,0,7,1,8,,14730,9,0,9,1,7,,14731,9,0,7,1,48,,14732,9,0,9,1,7,,14733,9,0,7,1,8,,14734,9,0,9,1,7,,14735,9,0,7,1,8,,14736,9,0,9,1,7,,14737,9,0,7,1,8,,14738,9,0,9,1,7,,14739,9,0,7,1,48,,14740,9,0,9,1,7,,14741,9,0,7,1,8,,14742,9,0,9,1,7,,14743,9,0,7,1,8,,14744,9,0,9,1,7,,14745,9,0,7,1,8,,14746,9,0,9,1,7,,14747,9,0,7,1,48,,14748,9,0,9,1,7,,14749,9,0,7,1,8,,14750,9,0,9,1,7,,14751,9,0,7,1,8,,14752,9,0,9,1,7,,14753,9,0,7,1,8,,14754,9,0,9,1,7,,14755,9,0,7,1,48,,14756,9,0,9,1,7,,14757,9,0,7,1,8,,14758,9,0,9,1,7,,14759,9,0,7,1,8,,14760,9,0,9,1,7,,14761,9,0,7,1,8,,14762,9,0,9,1,7,,14763,9,0,7,1,48,,14764,9,0,9,1,7,,14765,9,0,7,1,8,,14766,9,0,9,1,7,,14767,9,0,7,1,8,,14768,9,0,9,1,7,,14769,9,0,7,1,8,,14770,9,0,9,1,7,,14771,9,0,7,1,48,,14772,9,0,9,1,7,,14773,9,0,7,1,8,,14774,9,0,9,1,7,,14775,9,0,7,1,8,,14776,9,0,9,1,7,,14777,9,0,7,1,8,,14778,9,0,9,1,7,,14779,9,0,7,1,48,,14780,9,0,9,1,7,,14781,9,0,7,1,8,,14782,9,0,9,1,7,,14783,9,0,7,1,8,,14784,9,0,9,1,7,,14785,9,0,7,1,8,,14786,9,0,9,1,7,,14787,9,0,7,1,48,,14788,9,0,9,1,7,,14789,9,0,7,1,8,,14790,9,0,9,1,7,,14791,9,0,7,1,8,,14792,9,0,9,1,7,,14793,9,0,7,1,8,,14794,9,0,9,1,7,,14795,9,0,7,1,48,,14796,9,0,9,1,7,,14797,9,0,7,1,8,,14798,9,0,9,1,7,,14799,9,0,7,1,8,,14800,9,0,9,1,7,,14801,9,0,7,1,8,,14802,9,0,9,1,7,,14803,9,0,7,1,48,,14804,9,0,9,1,7,,14805,9,0,7,1,8,,14806,9,0,9,1,7,,14807,9,0,7,1,8,,14808,9,0,9,1,7,,14809,9,0,7,1,8,,14810,9,0,9,1,7,,14811,9,0,7,1,48,,14812,9,0,9,1,7,,14813,9,0,7,1,8,,14814,9,0,9,1,7,,14815,9,0,7,1,8,,14816,9,0,9,1,7,,14817,9,0,7,1,8,,14818,9,0,9,1,7,,14819,9,0,7,1,48,,14820,9,0,9,1,7,,14821,9,0,7,1,8,,14822,9,0,9,1,7,,14823,9,0,7,1,8,,14824,9,0,9,1,7,,14825,9,0,7,1,8,,14826,9,0,9,1,7,,14827,9,0,7,1,48,,14828,9,0,9,1,7,,14829,9,0,7,1,8,,14830,9,0,9,1,7,,14831,9,0,7,1,8,,14832,9,0,9,1,7,,14833,9,0,7,1,8,,14834,9,0,9,1,7,,14835,9,0,7,1,48,,14836,9,0,9,1,7,,14837,9,0,7,1,8,,14838,9,0,9,1,7,,14839,9,0,7,1,8,,14840,9,0,9,1,7,,14841,9,0,7,1,8,,14842,9,0,9,1,7,,14843,9,0,7,1,48,,14844,9,0,9,1,7,,14845,9,0,7,1,8,,14846,9,0,9,1,7,,14847,9,0,7,1,8,,14848,9,0,9,1,7,,14849,9,0,7,1,8,,14850,9,0,9,1,7,,14851,9,0,7,1,48,,14852,9,0,9,1,7,,14853,9,0,7,1,8,,14854,9,0,9,1,7,,14855,9,0,7,1,8,,14856,9,0,9,1,7,,14857,9,0,7,1,8,,14858,9,0,9,1,7,,14859,9,0,7,1,47,,14860,9,0,9,1,8,,14861,9,0,5,1,8,,14862,9,0,9,1,7,,14863,9,0,7,1,8,,14864,9,0,9,1,6,,14865,9,0,5,1,8,,14866,9,0,9,1,7,,14867,9,0,7,1,48,,14868,9,0,9,1,7,,14869,9,0,7,1,8,,14870,9,0,7,1
400100,'16B160',557,,14871,9,0,7,1,48,,14872,9,0,9,1,7,,14873,9,0,7,1,8,,14874,9,0,9,1,7,,14875,9,0,7,1,8,,14876,9,0,9,1,7,,14877,9,0,7,1,8,,14878,9,0,9,1,7,,14879,9,0,7,1,48,,14880,9,0,9,1,7,,14881,9,0,7,1,8,,14882,9,0,9,1,7,,14883,9,0,7,1,8,,14884,9,0,9,1,7,,14885,9,0,7,1,8,,14886,9,0,9,1,7,,14887,9,0,7,1,48,,14888,9,0,9,1,7,,14889,9,0,7,1,8,,14890,9,0,9,1,7,,14891,9,0,7,1,8,,14892,9,0,9,1,7,,14893,9,0,7,1,8,,14894,9,0,9,1,7,,14895,9,0,7,1,48,,14896,9,0,9,1,7,,14897,9,0,7,1,8,,14898,9,0,9,1,7,,14899,9,0,7,1,8,,14900,9,0,9,1,7,,14901,9,0,7,1,8,,14902,9,0,9,1,7,,14903,9,0,7,1,48,,14904,9,0,9,1,7,,14905,9,0,7,1,8,,14906,9,0,9,1,7,,14907,9,0,7,1,8,,14908,9,0,9,1,7,,14909,9,0,7,1,8,,14910,9,0,9,1,7,,14911,9,0,7,1,48,,14912,9,0,9,1,7,,14913,9,0,7,1,8,,14914,9,0,9,1,7,,14915,9,0,7,1,8,,14916,9,0,9,1,7,,14917,9,0,7,1,8,,14918,9,0,9,1,7,,14919,9,0,7,1,48,,14920,9,0,9,1,7,,14921,9,0,7,1,8,,14922,9,0,9,1,7,,14923,9,0,7,1,8,,14924,9,0,9,1,7,,14925,9,0,7,1,8,,14926,9,0,9,1,7,,14927,9,0,7,1,48,,14928,9,0,9,1,7,,14929,9,0,7,1,8,,14930,9,0,9,1,7,,14931,9,0,7,1,8,,14932,9,0,9,1,7,,14933,9,0,7,1,8,,14934,9,0,9,1,7,,14935,9,0,7,1,48,,14936,9,0,9,1,7,,14937,9,0,7,1,8,,14938,9,0,9,1,7,,14939,9,0,7,1,8,,14940,9,0,9,1,7,,14941,9,0,7,1,8,,14942,9,0,9,1,7,,14943,9,0,7,1,48,,14944,9,0,9,1,7,,14945,9,0,7,1,8,,14946,9,0,9,1,7,,14947,9,0,7,1,8,,14948,9,0,9,1,7,,14949,9,0,7,1,8,,14950,9,0,9,1,7,,14951,9,0,7,1,48,,14952,9,0,9,1,7,,14953,9,0,7,1,8,,14954,9,0,9,1,7,,14955,9,0,7,1,8,,14956,9,0,9,1,7,,14957,9,0,7,1,8,,14958,9,0,9,1,7,,14959,9,0,7,1,48,,14960,9,0,9,1,7,,14961,9,0,7,1,8,,14962,9,0,9,1,7,,14963,9,0,7,1,8,,14964,9,0,9,1,7,,14965,9,0,7,1,8,,14966,9,0,9,1,7,,14967,9,0,7,1,48,,14968,9,0,9,1,7,,14969,9,0,7,1,8,,14970,9,0,9,1,7,,14971,9,0,7,1,8,,14972,9,0,9,1,7,,14973,9,0,7,1,8,,14974,9,0,9,1,7,,14975,9,0,7,1,48,,14976,9,0,9,1,7,,14977,9,0,7,1,8,,14978,9,0,9,1,7,,14979,9,0,7,1,8,,14980,9,0,9,1,7,,14981,9,0,7,1,8,,14982,9,0,9,1,7,,14983,9,0,7,1,48,,14984,9,0,9,1,7,,14985,9,0,7,1,8,,14986,9,0,9,1,7,,14987,9,0,7,1,8,,14988,9,0,9,1,7,,14989,9,0,7,1,8,,14990,9,0,9,1,7,,14991,9,0,7,1,48,,14992,9,0,9,1,7,,14993,9,0,7,1,8,,14994,9,0,9,1,7,,14995,9,0,7,1,8,,14996,9,0,9,1,7,,14997,9,0,7,1,8,,14998,9,0,9,1,7,,14999,9,0,7,1,48,,15000,9,0,9,1,7,,15001,9,0,7,1,8,,15002,9,0,9,1,7,,15003,9,0,7,1,8,,15004,9,0,9,1,7,,15005,9,0,7,1,8,,15006,9,0,9,1,7,,15007,9,0,7,1,48,,15008,9,0,9,1,7,,15009,9,0,7,1,8,,15010,9,0,9,1,7,,15011,9,0,7,1,8,,15012,9,0,9,1,7,,15013,9,0,7,1,8,,15014,9,0,9,1,7,,15015,9,0,7,1,48,,15016,9,0,9,1,7,,15017,9,0,7,1,8,,15018,9,0,9,1,7,,15019,9,0,7,1,7,,15020,9,0,9,1,8,,15021,9,0,5,1,8,,15022,9,0,9,1,7,,15023,9,0,7,1,48,,15024,9,0,9,1,6,,15025,9,0,5,1,8,,15026,9,0,9,1,7,,15027,9,0,7,1,8,,15028,9,0,9,1,7,,15029,9,0,7,1,8,,15030,9,0,7,1
400100,'32B220',557,,15031,9,0,9,1,48,,15032,9,0,7,1,7,,15033,9,0,9,1,8,,15034,9,0,7,1,7,,15035,9,0,9,1,8,,15036,9,0,7,1,7,,15037,9,0,9,1,4,,15038,9,0,5,1,3,,15039,9,0,7,1,4,,15040,9,0,9,1,3,,15041,9,0,7,1,44,,15042,9,0,5,1,3,,15043,9,0,7,1,4,,15044,9,0,9,1,3,,15045,9,0,7,1,4,,15046,9,0,5,1,3,,15047,9,0,7,1,4,,15048,9,0,9,1,3,,15049,9,0,7,1,4,,15050,9,0,5,1,3,,15051,9,0,7,1,4,,15052,9,0,9,1,3,,15053,9,0,7,1,4,,15054,9,0,5,1,3,,15055,9,0,7,1,4,,15056,9,0,9,1,3,,15057,9,0,7,1,4,,15058,9,0,5,1,3,,15059,9,0,7,1,44,,15060,9,0,9,1,3,,15061,9,0,7,1,4,,15062,9,0,5,1,3,,15063,9,0,7,1,4,,15064,9,0,9,1,3,,15065,9,0,7,1,4,,15066,9,0,5,1,3,,15067,9,0,7,1,4,,15068,9,0,9,1,3,,15069,9,0,7,1,4,,15070,9,0,5,1,3,,15071,9,0,7,1,4,,15072,9,0,9,1,3,,15073,9,0,7,1,4,,15074,9,0,5,1,3,,15075,9,0,7,1,4,,15076,9,0,9,1,43,,15077,9,0,7,1,4,,15078,9,0,5,1,3,,15079,9,0,7,1,4,,15080,9,0,9,1,3,,15081,9,0,7,1,4,,15082,9,0,5,1,3,,15083,9,0,7,1,4,,15084,9,0,9,1,3,,15085,9,0,7,1,4,,15086,9,0,5,1,3,,15087,9,0,7,1,4,,15088,9,0,9,1,3,,15089,9,0,7,1,4,,15090,9,0,5,1,3,,15091,9,0,7,1,4,,15092,9,0,9,1,4,,15093,9,0,7,1,48,,15094,9,0,9,1,7,,15095,9,0,7,1,8,,15096,9,0,9,1,7,,15097,9,0,7,1,8,,15098,9,0,9,1,7,,15099,9,0,7,1,8,,15100,9,0,9,1,7,,15101,9,0,7,1,48,,15102,9,0,9,1,7,,15103,9,0,7,1,8,,15104,9,0,9,1,7,,15105,9,0,7,1,8,,15106,9,0,9,1,7,,15107,9,0,7,1,8,,15108,9,0,9,1,7,,15109,9,0,7,1,48,,15110,9,0,9,1,7,,15111,9,0,7,1,8,,15112,9,0,9,1,7,,15113,9,0,7,1,8,,15114,9,0,9,1,7,,15115,9,0,7,1,8,,15116,9,0,9,1,7,,15117,9,0,7,1,48,,15118,9,0,9,1,7,,15119,9,0,7,1,8,,15120,9,0,9,1,7,,15121,9,0,7,1,8,,15122,9,0,9,1,7,,15123,9,0,7,1,8,,15124,9,0,9,1,7,,15125,9,0,7,1,48,,15126,9,0,9,1,7,,15127,9,0,7,1,8,,15128,9,0,9,1,7,,15129,9,0,7,1,8,,15130,9,0,9,1,7,,15131,9,0,7,1,6,,15132,9,0,9,1,3,,15133,9,0,7,1,4,,15134,9,0,9,1,44,,15135,9,0,7,1,3,,15136,9,0,5,1,4,,15137,9,0,7,1,3,,15138,9,0,9,1,4,,15139,9,0,7,1,3,,15140,9,0,5,1,4,,15141,9,0,7,1,3,,15142,9,0,9,1,4,,15143,9,0,7,1,3,,15144,9,0,5,1,4,,15145,9,0,7,1,3,,15146,9,0,9,1,4,,15147,9,0,7,1,3,,15148,9,0,5,1,4,,15149,9,0,7,1,3,,15150,9,0,9,1,4,,15151,9,0,7,1,43,,15152,9,0,5,1,4,,15153,9,0,7,1,3,,15154,9,0,9,1,4,,15155,9,0,7,1,3,,15156,9,0,5,1,4,,15157,9,0,7,1,3,,15158,9,0,9,1,4,,15159,9,0,7,1,3,,15160,9,0,5,1,4,,15161,9,0,7,1,3,,15162,9,0,9,1,4,,15163,9,0,7,1,3,,15164,9,0,5,1,4,,15165,9,0,7,1,3,,15166,9,0,9,1,4,,15167,9,0,7,1,3,,15168,9,0,5,1,44,40,15169,9,0,7,1,3,,15170,9,0,9,1,4,,15171,9,0,7,1,3,,15172,9,0,5,1,4,,15173,9,0,7,1,3,,15174,9,0,9,1,4,,15175,9,0,7,1,3,,15176,9,0,5,1,4,,15177,9,0,7,1,3,,15178,9,0,9,1,4,,15179,9,0,7,1,3,,15180,9,0,5,1,4,,15181,9,0,7,1,3,,15182,9,0,9,1,4,,15183,9,0,7,1,3,,15184,9,0,5,1,4,,15185,9,0,7,1,3,,15186,9,0,9,1,44,,15187,9,0,7,1,3,,15188,9,0,5,1,4,,15189,9,0,7,1,3,,15190,9,0,9,1,4,,15191,9,0,7,1,3,,15192,9,0,5,1,4,,15193,9,0,7,1,3,,15194,9,0,9,1,4,,15195,9,0,7,1,5,,15196,9,0,9,1,7,,15197,9,0,7,1,8,,15198,9,0,9,1,7,,15199,9,0,7,1,48,,15200,9,0,9,1,7,,15201,9,0,7,1,8,,15202,9,0,9,1,7,,15203,9,0,7,1,8,,15204,9,0,9,1,7,,15205,9,0,7,1,8,,15206,9,0,9,1,7,,15207,9,0,7,1,48,,15208,9,0,9,1,7,,15209,9,0,7,1,8,,15210,9,0,9,1,5,,15211,9,0,7,1,8,,15212,9,0,9,1,7,,15213,9,0,7,1,8,,15214,9,0,9,1,7,,15215,9,0,7,1,48,,15216,9,0,9,1,7,,15217,9,0,7,1,8,,15218,9,0,9,1,7,,15219,9,0,7,1,8,,15220,9,0,9,1,7,,15221,9,0,7,1,8,,15222,9,0,9,1,7,,15223,9,0,7,1,48,,15224,9,0,9,1,7,,15225,9,0,7,1,8,,15226,9,0,9,1,7,,15227,9,0,7,1,8,,15228,9,0,9,1,7,,15229,9,0,7,1,8,,15230,9,0,9,1,7,,15231,9,0,7,1,48,,15232,9,0,9,1,7,,15233,9,0,7,1,8,,15234,9,0,9,1,7,,15235,9,0,7,1,8,,15236,9,0,9,1,7,,15237,9,0,7,1,8,,15238,9,0,9,1,7,,15239,9,0,7,1,48,,15240,9,0,9,1,7,,15241,9,0,7,1,8,,15242,9,0,9,1,7,,15243,9,0,7,1,8,,15244,9,0,9,1,7,,15245,9,0,7,1,8,,15246,9,0,9,1,7,,15247,9,0,7,1,48,,15248,9,0,9,1,7,,15249,9,0,7,1,8,,15250,9,0,7,1
400101,'ES-OuvertureTardive-RDS-16A140',757,,18057,11,0,8,1,47,,18058,9,0,8,1,8,,18059,11,0,8,1,8,,18060,9,0,8,1,7,,18061,11,0,8,1,8,,18062,9,0,8,1,7,,18063,11,0,8,1,8,,18064,9,0,8,1,7,,18065,11,0,8,1,48,,18066,9,0,8,1,7,,18067,11,0,8,1,8,,18068,9,0,8,1,7,,18069,11,0,8,1,8,,18070,9,0,8,1,7,,18071,11,0,8,1,8,,18072,9,0,8,1,7,,18073,11,0,8,1,48,,18074,9,0,8,1,7,,18075,11,0,8,1,8,,18076,9,0,8,1,7,,18077,11,0,8,1,8,,18078,9,0,8,1,7,,18079,11,0,8,1,8,,18080,9,0,8,1,7,,18081,11,0,8,1,48,,18082,9,0,8,1,7,,18083,11,0,8,1,8,,18084,9,0,8,1,7,,18085,11,0,8,1,8,,18086,9,0,8,1,7,,18087,11,0,8,1,8,,18088,9,0,8,1,7,,18089,11,0,8,1,48,,18090,9,0,8,1,7,,18091,11,0,8,1,8,,18092,9,0,8,1,7,,18093,11,0,8,1,8,,18094,9,0,8,1,7,,18095,11,0,8,1,8,,18096,9,0,8,1,7,,18097,11,0,8,1,48,,18098,9,0,8,1,7,,18099,11,0,8,1,8,,18100,9,0,8,1,7,,18101,11,0,8,1,8,,18102,9,0,8,1,7,,18103,11,0,8,1,8,,18104,9,0,8,1,7,,18105,11,0,8,1,48,,18106,9,0,8,1,7,,18107,11,0,8,1,8,,18108,9,0,8,1,7,,18109,11,0,8,1,8,,18110,9,0,8,1,7,,18111,11,0,8,1,8,,18112,9,0,8,1,7,,18113,11,0,8,1,48,,18114,9,0,8,1,7,,18115,11,0,8,1,8,,18116,9,0,8,1,7,,18117,11,0,8,1,8,,18118,9,0,8,1,7,,18119,11,0,8,1,8,,18120,9,0,8,1,7,,18121,11,0,8,1,48,,18122,9,0,8,1,7,,18123,11,0,8,1,8,,18124,9,0,8,1,7,,18125,11,0,8,1,8,,18126,9,0,8,1,7,,18127,11,0,8,1,8,,18128,9,0,8,1,7,,18129,11,0,8,1,48,,18130,9,0,8,1,7,,18131,11,0,8,1,8,,18132,9,0,8,1,7,,18133,11,0,8,1,8,,18134,9,0,8,1,7,,18135,11,0,8,1,8,,18136,9,0,8,1,7,,18137,11,0,8,1,48,,18138,9,0,8,1,7,,18139,11,0,8,1,8,,18140,9,0,8,1,7,,18141,11,0,8,1,8,,18142,9,0,8,1,7,,18143,11,0,8,1,8,,18144,9,0,8,1,7,,18145,11,0,8,1,48,,18146,9,0,8,1,7,,18147,11,0,8,1,8,,18148,9,0,8,1,7,,18149,11,0,8,1,8,,18150,9,0,8,1,7,,18151,11,0,8,1,8,,18152,9,0,8,1,7,,18153,11,0,8,1,48,,18154,9,0,8,1,7,,18155,11,0,8,1,8,,18156,9,0,8,1,7,,18157,11,0,8,1,8,,18158,9,0,8,1,7,,18159,11,0,8,1,8,,18160,9,0,8,1,7,,18161,11,0,8,1,48,,18162,9,0,8,1,7,,18163,11,0,8,1,8,,18164,9,0,8,1,7,,18165,11,0,8,1,8,,18166,9,0,8,1,7,,18167,11,0,8,1,8,,18168,9,0,8,1,7,,18169,11,0,8,1,48,,18170,9,0,8,1,7,,18171,11,0,8,1,8,,18172,9,0,8,1,7,,18173,11,0,8,1,8,,18174,9,0,8,1,7,,18175,11,0,8,1,8,,18176,9,0,8,1,7,,18177,11,0,8,1,48,,18178,9,0,8,1,7,,18179,11,0,8,1,8,,18180,9,0,8,1,7,,18181,11,0,8,1,8,,18182,9,0,8,1,7,,18183,11,0,8,1,8,,18184,9,0,8,1,7,,18185,11,0,8,1,48,,18186,9,0,8,1,7,,18187,11,0,8,1,8,,18188,9,0,8,1,7,,18189,11,0,8,1,5,,18190,9,0,8,1,4,,18191,5,0,8,1,6,,18192,11,0,8,1,7,,18193,9,0,8,1,7,,18194,11,0,8,1,45,,18195,9,0,8,1,3,,18196,5,0,8,1
400101,'ES-OuvertureTardive-RDS-16A144',757,,18201,11,0,8,1,47,,18202,9,0,8,1,7,,18203,11,0,8,1,8,,18204,9,0,8,1,7,,18205,11,0,8,1,8,,18206,9,0,8,1,7,,18207,11,0,8,1,8,,18208,9,0,8,1,7,,18209,11,0,8,1,48,,18210,9,0,8,1,7,,18211,11,0,8,1,8,,18212,9,0,8,1,7,,18213,11,0,8,1,8,,18214,9,0,8,1,7,,18215,11,0,8,1,8,,18216,9,0,8,1,7,,18217,11,0,8,1,48,,18218,9,0,8,1,7,,18219,11,0,8,1,8,,18220,9,0,8,1,7,,18221,11,0,8,1,8,,18222,9,0,8,1,7,,18223,11,0,8,1,8,,18224,9,0,8,1,7,,18225,11,0,8,1,48,,18226,9,0,8,1,7,,18227,11,0,8,1,8,,18228,9,0,8,1,7,,18229,11,0,8,1,8,,18230,9,0,8,1,7,,18231,11,0,8,1,8,,18232,9,0,8,1,7,,18233,11,0,8,1,48,,18234,9,0,8,1,7,,18235,11,0,8,1,8,,18236,9,0,8,1,7,,18237,11,0,8,1,8,,18238,9,0,8,1,7,,18239,11,0,8,1,8,,18240,9,0,8,1,7,,18241,11,0,8,1,48,,18242,9,0,8,1,7,,18243,11,0,8,1,8,,18244,9,0,8,1,7,,18245,11,0,8,1,8,,18246,9,0,8,1,7,,18247,11,0,8,1,8,,18248,9,0,8,1,7,,18249,11,0,8,1,48,,18250,9,0,8,1,7,,18251,11,0,8,1,8,,18252,9,0,8,1,7,,18253,11,0,8,1,8,,18254,9,0,8,1,7,,18255,11,0,8,1,8,,18256,9,0,8,1,7,,18257,11,0,8,1,48,,18258,9,0,8,1,7,,18259,11,0,8,1,8,,18260,9,0,8,1,7,,18261,11,0,8,1,8,,18262,9,0,8,1,7,,18263,11,0,8,1,8,,18264,9,0,8,1,7,,18265,11,0,8,1,48,,18266,9,0,8,1,7,,18267,11,0,8,1,8,,18268,9,0,8,1,7,,18269,11,0,8,1,8,,18270,9,0,8,1,7,,18271,11,0,8,1,8,,18272,9,0,8,1,7,,18273,11,0,8,1,48,,18274,9,0,8,1,7,,18275,11,0,8,1,8,,18276,9,0,8,1,7,,18277,11,0,8,1,8,,18278,9,0,8,1,7,,18279,11,0,8,1,8,,18280,9,0,8,1,7,,18281,11,0,8,1,48,,18282,9,0,8,1,7,,18283,11,0,8,1,8,,18284,9,0,8,1,7,,18285,11,0,8,1,8,,18286,9,0,8,1,7,,18287,11,0,8,1,8,,18288,9,0,8,1,7,,18289,11,0,8,1,48,,18290,9,0,8,1,7,,18291,11,0,8,1,8,,18292,9,0,8,1,7,,18293,11,0,8,1,8,,18294,9,0,8,1,7,,18295,11,0,8,1,8,,18296,9,0,8,1,7,,18297,11,0,8,1,48,,18298,9,0,8,1,7,,18299,11,0,8,1,8,,18300,9,0,8,1,7,,18301,11,0,8,1,8,,18302,9,0,8,1,7,,18303,11,0,8,1,8,,18304,9,0,8,1,7,,18305,11,0,8,1,48,,18306,9,0,8,1,7,,18307,11,0,8,1,8,,18308,9,0,8,1,7,,18309,11,0,8,1,8,,18310,9,0,8,1,7,,18311,11,0,8,1,8,,18312,9,0,8,1,7,,18313,11,0,8,1,48,,18314,9,0,8,1,7,,18315,11,0,8,1,8,,18316,9,0,8,1,7,,18317,11,0,8,1,8,,18318,9,0,8,1,7,,18319,11,0,8,1,8,,18320,9,0,8,1,7,,18321,11,0,8,1,48,,18322,9,0,8,1,7,,18323,11,0,8,1,8,,18324,9,0,8,1,7,,18325,11,0,8,1,8,,18326,9,0,8,1,7,,18327,11,0,8,1,8,,18328,9,0,8,1,7,,18329,11,0,8,1,48,,18330,9,0,8,1,7,,18331,11,0,8,1,8,,18332,9,0,8,1,7,,18333,11,0,8,1,8,,18334,9,0,8,1,7,,18335,11,0,8,1,8,,18336,9,0,8,1,7,,18337,11,0,8,1,45,,18338,9,0,8,1,5,,18339,5,0,8,1,5,,18340,11,0,8,1,7,,18341,9,0,8,1,8,,18342,11,0,8,1,5,,18343,9,0,8,1,3,,18344,5,0,8,1
400101,'16B156',557,,15254,11,0,8,1,47,,15255,9,0,8,1,8,,15256,11,0,8,1,7,,15257,9,0,8,1,8,,15258,11,0,8,1,8,,15259,9,0,8,1,7,,15260,11,0,8,1,8,,15261,9,0,8,1,7,,15262,11,0,8,1,48,,15263,9,0,8,1,7,,15264,11,0,8,1,8,,15265,9,0,8,1,7,,15266,11,0,8,1,8,,15267,9,0,8,1,7,,15268,11,0,8,1,8,,15269,9,0,8,1,7,,15270,11,0,8,1,48,,15271,9,0,8,1,7,,15272,11,0,8,1,8,,15273,9,0,8,1,7,,15274,11,0,8,1,8,,15275,9,0,8,1,7,,15276,11,0,8,1,8,,15277,9,0,8,1,7,,15278,11,0,8,1,48,,15279,9,0,8,1,7,,15280,11,0,8,1,8,,15281,9,0,8,1,7,,15282,11,0,8,1,8,,15283,9,0,8,1,7,,15284,11,0,8,1,8,,15285,9,0,8,1,7,,15286,11,0,8,1,48,,15287,9,0,8,1,7,,15288,11,0,8,1,8,,15289,9,0,8,1,7,,15290,11,0,8,1,8,,15291,9,0,8,1,7,,15292,11,0,8,1,8,,15293,9,0,8,1,7,,15294,11,0,8,1,48,,15295,9,0,8,1,7,,15296,11,0,8,1,8,,15297,9,0,8,1,7,,15298,11,0,8,1,8,,15299,9,0,8,1,7,,15300,11,0,8,1,8,,15301,9,0,8,1,7,,15302,11,0,8,1,48,,15303,9,0,8,1,7,,15304,11,0,8,1,8,,15305,9,0,8,1,7,,15306,11,0,8,1,8,,15307,9,0,8,1,7,,15308,11,0,8,1,8,,15309,9,0,8,1,7,,15310,11,0,8,1,48,,15311,9,0,8,1,7,,15312,11,0,8,1,8,,15313,9,0,8,1,7,,15314,11,0,8,1,8,,15315,9,0,8,1,7,,15316,11,0,8,1,8,,15317,9,0,8,1,7,,15318,11,0,8,1,48,,15319,9,0,8,1,7,,15320,11,0,8,1,8,,15321,9,0,8,1,7,,15322,11,0,8,1,8,,15323,9,0,8,1,7,,15324,11,0,8,1,8,,15325,9,0,8,1,7,,15326,11,0,8,1,48,,15327,9,0,8,1,7,,15328,11,0,8,1,8,,15329,9,0,8,1,7,,15330,11,0,8,1,8,,15331,9,0,8,1,7,,15332,11,0,8,1,8,,15333,9,0,8,1,7,,15334,11,0,8,1,48,,15335,9,0,8,1,7,,15336,11,0,8,1,8,,15337,9,0,8,1,7,,15338,11,0,8,1,8,,15339,9,0,8,1,7,,15340,11,0,8,1,8,,15341,9,0,8,1,7,,15342,11,0,8,1,48,,15343,9,0,8,1,7,,15344,11,0,8,1,8,,15345,9,0,8,1,7,,15346,11,0,8,1,8,,15347,9,0,8,1,7,,15348,11,0,8,1,8,,15349,9,0,8,1,7,,15350,11,0,8,1,48,,15351,9,0,8,1,7,,15352,11,0,8,1,8,,15353,9,0,8,1,7,,15354,11,0,8,1,8,,15355,9,0,8,1,7,,15356,11,0,8,1,8,,15357,9,0,8,1,7,,15358,11,0,8,1,48,,15359,9,0,8,1,7,,15360,11,0,8,1,8,,15361,9,0,8,1,7,,15362,11,0,8,1,8,,15363,9,0,8,1,7,,15364,11,0,8,1,8,,15365,9,0,8,1,7,,15366,11,0,8,1,48,,15367,9,0,8,1,7,,15368,11,0,8,1,8,,15369,9,0,8,1,7,,15370,11,0,8,1,8,,15371,9,0,8,1,7,,15372,11,0,8,1,8,,15373,9,0,8,1,7,,15374,11,0,8,1,48,,15375,9,0,8,1,7,,15376,11,0,8,1,8,,15377,9,0,8,1,7,,15378,11,0,8,1,8,,15379,9,0,8,1,7,,15380,11,0,8,1,8,,15381,9,0,8,1,7,,15382,11,0,8,1,48,,15383,9,0,8,1,7,,15384,11,0,8,1,8,,15385,9,0,8,1,7,,15386,11,0,8,1,8,,15387,9,0,8,1,7,,15388,11,0,8,1,8,,15389,9,0,8,1,7,,15390,11,0,8,1,48,,15391,9,0,8,1,7,,15392,11,0,8,1,8,,15393,9,0,8,1,7,,15394,11,0,8,1,8,,15395,9,0,8,1,7,,15396,11,0,8,1,8,,15397,9,0,8,1,7,,15398,11,0,8,1,48,,15399,9,0,8,1,7,,15400,11,0,8,1,8,,15401,9,0,8,1,7,,15402,11,0,8,1,5,,15403,9,0,8,1,4,,15404,5,0,8,1,6,,15405,11,0,8,1,7,,15406,9,0,8,1,7,,15407,11,0,8,1,45,,15408,9,0,8,1,3,,15409,5,0,8,1
400101,'16B160',557,,15413,11,0,8,1,47,,15414,9,0,8,1,8,,15415,11,0,8,1,7,,15416,9,0,8,1,8,,15417,11,0,8,1,8,,15418,9,0,8,1,7,,15419,11,0,8,1,8,,15420,9,0,8,1,7,,15421,11,0,8,1,47,,15422,9,0,8,1,8,,15423,11,0,8,1,7,,15424,9,0,8,1,8,,15425,11,0,8,1,7,,15426,9,0,8,1,8,,15427,11,0,8,1,7,,15428,9,0,8,1,8,,15429,11,0,8,1,47,,15430,9,0,8,1,8,,15431,11,0,8,1,7,,15432,9,0,8,1,8,,15433,11,0,8,1,7,,15434,9,0,8,1,8,,15435,11,0,8,1,7,,15436,9,0,8,1,8,,15437,11,0,8,1,47,,15438,9,0,8,1,8,,15439,11,0,8,1,7,,15440,9,0,8,1,8,,15441,11,0,8,1,7,,15442,9,0,8,1,8,,15443,11,0,8,1,7,,15444,9,0,8,1,8,,15445,11,0,8,1,47,,15446,9,0,8,1,8,,15447,11,0,8,1,7,,15448,9,0,8,1,8,,15449,11,0,8,1,7,,15450,9,0,8,1,8,,15451,11,0,8,1,7,,15452,9,0,8,1,8,,15453,11,0,8,1,47,,15454,9,0,8,1,8,,15455,11,0,8,1,7,,15456,9,0,8,1,8,,15457,11,0,8,1,7,,15458,9,0,8,1,8,,15459,11,0,8,1,7,,15460,9,0,8,1,8,,15461,11,0,8,1,47,,15462,9,0,8,1,8,,15463,11,0,8,1,7,,15464,9,0,8,1,8,,15465,11,0,8,1,7,,15466,9,0,8,1,8,,15467,11,0,8,1,7,,15468,9,0,8,1,8,,15469,11,0,8,1,47,,15470,9,0,8,1,8,,15471,11,0,8,1,7,,15472,9,0,8,1,8,,15473,11,0,8,1,7,,15474,9,0,8,1,8,,15475,11,0,8,1,7,,15476,9,0,8,1,8,,15477,11,0,8,1,47,,15478,9,0,8,1,8,,15479,11,0,8,1,7,,15480,9,0,8,1,8,,15481,11,0,8,1,7,,15482,9,0,8,1,8,,15483,11,0,8,1,7,,15484,9,0,8,1,8,,15485,11,0,8,1,47,,15486,9,0,8,1,8,,15487,11,0,8,1,7,,15488,9,0,8,1,8,,15489,11,0,8,1,7,,15490,9,0,8,1,8,,15491,11,0,8,1,7,,15492,9,0,8,1,8,,15493,11,0,8,1,47,,15494,9,0,8,1,8,,15495,11,0,8,1,7,,15496,9,0,8,1,8,,15497,11,0,8,1,7,,15498,9,0,8,1,8,,15499,11,0,8,1,7,,15500,9,0,8,1,8,,15501,11,0,8,1,47,,15502,9,0,8,1,8,,15503,11,0,8,1,7,,15504,9,0,8,1,8,,15505,11,0,8,1,7,,15506,9,0,8,1,8,,15507,11,0,8,1,7,,15508,9,0,8,1,8,,15509,11,0,8,1,47,,15510,9,0,8,1,8,,15511,11,0,8,1,7,,15512,9,0,8,1,8,,15513,11,0,8,1,7,,15514,9,0,8,1,8,,15515,11,0,8,1,7,,15516,9,0,8,1,8,,15517,11,0,8,1,47,,15518,9,0,8,1,8,,15519,11,0,8,1,7,,15520,9,0,8,1,8,,15521,11,0,8,1,7,,15522,9,0,8,1,8,,15523,11,0,8,1,7,,15524,9,0,8,1,8,,15525,11,0,8,1,47,,15526,9,0,8,1,8,,15527,11,0,8,1,7,,15528,9,0,8,1,8,,15529,11,0,8,1,7,,15530,9,0,8,1,8,,15531,11,0,8,1,7,,15532,9,0,8,1,8,,15533,11,0,8,1,47,,15534,9,0,8,1,8,,15535,11,0,8,1,7,,15536,9,0,8,1,8,,15537,11,0,8,1,7,,15538,9,0,8,1,8,,15539,11,0,8,1,7,,15540,9,0,8,1,8,,15541,11,0,8,1,47,,15542,9,0,8,1,8,,15543,11,0,8,1,7,,15544,9,0,8,1,8,,15545,11,0,8,1,7,,15546,9,0,8,1,8,,15547,11,0,8,1,7,,15548,9,0,8,1,8,,15549,11,0,8,1,47,,15550,9,0,8,1,8,,15551,11,0,8,1,7,,15552,9,0,8,1,8,,15553,11,0,8,1,7,,15554,9,0,8,1,8,,15555,11,0,8,1,7,,15556,9,0,8,1,8,,15557,11,0,8,1,47,,15558,9,0,8,1,8,,15559,11,0,8,1,7,,15560,9,0,8,1,8,,15561,11,0,8,1,7,,15562,9,0,8,1,8,,15563,11,0,8,1,7,,15564,9,0,8,1,8,,15565,11,0,8,1,45,,15566,9,0,8,1,4,,15567,5,0,8,1,6,,15568,11,0,8,1,6,,15569,9,0,8,1,8,,15570,11,0,8,1,5,,15571,9,0,8,1,3,,15572,5,0,8,1
400101,'32B220',557,,15576,11,0,8,1,47,,15577,9,0,8,1,8,,15578,11,0,8,1,7,,15579,9,0,8,1,8,,15580,11,0,8,1,8,,15581,9,0,8,1,7,,15582,11,0,8,1,8,,15583,9,0,8,1,7,,15584,11,0,8,1,46,,15585,9,0,8,1,3,,15586,11,0,8,1,4,,15587,5,0,8,1,3,,15588,11,0,8,1,4,,15589,9,0,8,1,3,,15590,11,0,8,1,4,,15591,5,0,8,1,3,,15592,11,0,8,1,4,,15593,9,0,8,1,3,,15594,11,0,8,1,4,,15595,5,0,8,1,3,,15596,11,0,8,1,4,,15597,9,0,8,1,3,,15598,11,0,8,1,4,,15599,5,0,8,1,3,,15600,11,0,8,1,4,,15601,9,0,8,1,43,,15602,11,0,8,1,4,,15603,5,0,8,1,3,,15604,11,0,8,1,4,,15605,9,0,8,1,3,,15606,11,0,8,1,4,,15607,5,0,8,1,3,,15608,11,0,8,1,4,,15609,9,0,8,1,3,,15610,11,0,8,1,4,,15611,5,0,8,1,3,,15612,11,0,8,1,4,,15613,9,0,8,1,3,,15614,11,0,8,1,4,,15615,5,0,8,1,3,,15616,11,0,8,1,4,,15617,9,0,8,1,3,,15618,11,0,8,1,44,,15619,5,0,8,1,3,,15620,11,0,8,1,4,,15621,9,0,8,1,3,,15622,11,0,8,1,4,,15623,5,0,8,1,3,,15624,11,0,8,1,4,,15625,9,0,8,1,3,,15626,11,0,8,1,4,,15627,5,0,8,1,3,,15628,11,0,8,1,4,,15629,9,0,8,1,3,,15630,11,0,8,1,4,,15631,5,0,8,1,3,,15632,11,0,8,1,4,,15633,9,0,8,1,3,,15634,11,0,8,1,4,,15635,5,0,8,1,43,,15636,11,0,8,1,4,,15637,9,0,8,1,3,,15638,11,0,8,1,4,,15639,5,0,8,1,4,,15640,9,0,8,1,3,,15641,11,0,8,1,7,,15642,9,0,8,1,7,,15643,11,0,8,1,7,,15644,9,0,8,1,8,,15645,11,0,8,1,7,,15646,9,0,8,1,48,,15647,11,0,8,1,7,,15648,9,0,8,1,8,,15649,11,0,8,1,7,,15650,9,0,8,1,8,,15651,11,0,8,1,7,,15652,9,0,8,1,8,,15653,11,0,8,1,7,,15654,9,0,8,1,48,,15655,11,0,8,1,7,,15656,9,0,8,1,8,,15657,11,0,8,1,7,,15658,9,0,8,1,8,,15659,11,0,8,1,7,,15660,9,0,8,1,8,,15661,11,0,8,1,7,,15662,9,0,8,1,48,,15663,11,0,8,1,7,,15664,9,0,8,1,8,,15665,11,0,8,1,7,,15666,9,0,8,1,8,,15667,11,0,8,1,7,,15668,9,0,8,1,8,,15669,11,0,8,1,7,,15670,9,0,8,1,48,,15671,11,0,8,1,7,,15672,9,0,8,1,8,,15673,11,0,8,1,7,,15674,9,0,8,1,8,,15675,11,0,8,1,7,,15676,9,0,8,1,8,,15677,11,0,8,1,7,,15678,9,0,8,1,48,,15679,11,0,8,1,7,,15680,9,0,8,1,7,,15681,11,0,8,1,3,,15682,9,0,8,1,4,,15683,11,0,8,1,4,,15684,5,0,8,1,3,,15685,11,0,8,1,4,,15686,9,0,8,1,3,,15687,11,0,8,1,4,,15688,5,0,8,1,3,,15689,11,0,8,1,4,,15690,9,0,8,1,3,,15691,11,0,8,1,4,,15692,5,0,8,1,3,,15693,11,0,8,1,44,,15694,9,0,8,1,3,,15695,11,0,8,1,4,,15696,5,0,8,1,3,,15697,11,0,8,1,4,,15698,9,0,8,1,3,,15699,11,0,8,1,4,,15700,5,0,8,1,3,,15701,11,0,8,1,4,,15702,9,0,8,1,3,,15703,11,0,8,1,4,,15704,5,0,8,1,3,,15705,11,0,8,1,4,,15706,9,0,8,1,3,,15707,11,0,8,1,4,,15708,5,0,8,1,3,,15709,11,0,8,1,4,,15710,9,0,8,1,43,,15711,11,0,8,1,4,,15712,5,0,8,1,3,,15713,11,0,8,1,4,,15714,9,0,8,1,3,,15715,11,0,8,1,4,,15716,5,0,8,1,3,,15717,11,0,8,1,4,,15718,9,0,8,1,3,,15719,11,0,8,1,4,,15720,5,0,8,1,3,,15721,11,0,8,1,4,,15722,9,0,8,1,3,,15723,11,0,8,1,4,,15724,5,0,8,1,3,,15725,11,0,8,1,4,,15726,9,0,8,1,3,,15727,11,0,8,1,44,,15728,5,0,8,1,3,,15729,11,0,8,1,4,,15730,9,0,8,1,3,,15731,11,0,8,1,4,,15732,5,0,8,1,3,,15733,11,0,8,1,4,,15734,9,0,8,1,3,,15735,11,0,8,1,4,,15736,5,0,8,1,3,,15737,11,0,8,1,4,,15738,9,0,8,1,3,,15739,11,0,8,1,4,,15740,5,0,8,1,3,,15741,11,0,8,1,4,,15742,9,0,8,1,5,,15743,11,0,8,1,45,,15744,9,0,8,1,4,,15745,11,0,8,1,5,,15746,9,0,8,1,4,,15747,11,0,8,1,5,,15748,11,0,8,1,6,,15749,9,0,8,1,6,,15750,11,0,8,1,8,,15751,9,0,8,1,7,,15752,11,0,8,1,8,,15753,9,0,8,1,47,,15754,11,0,8,1,8,,15755,9,0,8,1,7,,15756,11,0,8,1,8,,15757,9,0,8,1,7,,15758,11,0,8,1,8,,15759,9,0,8,1,7,,15760,11,0,8,1,8,,15761,9,0,8,1,47,,15762,11,0,8,1,8,,15763,9,0,8,1,7,,15764,11,0,8,1,8,,15765,9,0,8,1,7,,15766,11,0,8,1,8,,15767,9,0,8,1,7,,15768,11,0,8,1,8,,15769,9,0,8,1,47,,15770,11,0,8,1,8,,15771,9,0,8,1,7,,15772,11,0,8,1,8,,15773,9,0,8,1,7,,15774,11,0,8,1,8,,15775,9,0,8,1,7,,15776,11,0,8,1,8,,15777,9,0,8,1,47,,15778,11,0,8,1,8,,15779,9,0,8,1,7,,15780,11,0,8,1,8,,15781,9,0,8,1,7,,15782,11,0,8,1,8,,15783,9,0,8,1,7,,15784,11,0,8,1,8,,15785,9,0,8,1,47,,15786,11,0,8,1,8,,15787,9,0,8,1,7,,15788,11,0,8,1,8,,15789,9,0,8,1,7,,15790,11,0,8,1,8,,15791,9,0,8,1,7,,15792,11,0,8,1,8,,15793,9,0,8,1,5,,15794,11,0,8,1,44,,15795,9,0,8,1
