400100,'ES-OuvertureTardive-RDS-16A140',818,,17769,16,0,7,1,15,,17771,16,0,7,1,15,,17773,16,0,7,1,55,,17775,16,0,7,1,15,,17777,16,0,7,1,15,,17779,16,0,7,1,15,,17781,16,0,7,1,55,,17783,16,0,7,1,15,,17785,16,0,7,1,15,,17787,16,0,7,1,15,,17789,16,0,7,1,55,,17791,16,0,7,1,15,,17793,16,0,7,1,15,,17795,16,0,7,1,15,,17797,16,0,7,1,55,,17799,16,0,7,1,15,,17801,16,0,7,1,15,,17803,16,0,7,1,15,,17805,16,0,7,1,55,,17807,16,0,7,1,15,,17809,16,0,7,1,15,,17811,16,0,7,1,15,,17813,16,0,7,1,55,,17815,16,0,7,1,15,,17817,16,0,7,1,15,,17819,16,0,7,1,15,,17821,16,0,7,1,55,,17823,16,0,7,1,15,,17825,16,0,7,1,15,,17827,16,0,7,1,15,,17829,16,0,7,1,55,,17831,16,0,7,1,15,,17833,16,0,7,1,15,,17835,16,0,7,1,15,,17837,16,0,7,1,55,,17839,16,0,7,1,15,,17841,16,0,7,1,15,,17843,16,0,7,1,15,,17845,16,0,7,1,55,,17847,16,0,7,1,15,,17849,16,0,7,1,15,,17851,16,0,7,1,15,,17853,16,0,7,1,55,,17855,16,0,7,1,15,,17857,16,0,7,1,15,,17859,16,0,7,1,15,,17861,16,0,7,1,55,,17863,16,0,7,1,15,,17865,16,0,7,1,15,,17867,16,0,7,1,15,,17869,16,0,7,1,55,,17871,16,0,7,1,15,,17873,16,0,7,1,15,,17875,16,0,7,1,15,,17877,16,0,7,1,55,,17879,16,0,7,1,15,,17881,16,0,7,1,15,,17883,16,0,7,1,15,,17885,16,0,7,1,55,,17887,16,0,7,1,15,,17889,16,0,7,1,15,,17891,16,0,7,1,15,,17893,16,0,7,1,55,,17895,16,0,7,1,15,,17897,16,0,7,1,30,,17901,16,0,7,1,69,,17905,16,0,7,1,7,,17906,16,0,7,1,15,,17908,16,0,7,1
400100,'ES-OuvertureTardive-RDS-16A144',818,,17909,16,0,7,1,15,,17911,16,0,7,1,15,,17913,16,0,7,1,55,,17915,16,0,7,1,15,,17917,16,0,7,1,15,,17919,16,0,7,1,15,,17921,16,0,7,1,55,,17923,16,0,7,1,15,,17925,16,0,7,1,15,,17927,16,0,7,1,15,,17929,16,0,7,1,55,,17931,16,0,7,1,15,,17933,16,0,7,1,15,,17935,16,0,7,1,15,,17937,16,0,7,1,55,,17939,16,0,7,1,15,,17941,16,0,7,1,15,,17943,16,0,7,1,15,,17945,16,0,7,1,55,,17947,16,0,7,1,15,,17949,16,0,7,1,15,,17951,16,0,7,1,15,,17953,16,0,7,1,55,,17955,16,0,7,1,15,,17957,16,0,7,1,15,,17959,16,0,7,1,15,,17961,16,0,7,1,55,,17963,16,0,7,1,15,,17965,16,0,7,1,15,,17967,16,0,7,1,15,,17969,16,0,7,1,55,,17971,16,0,7,1,15,,17973,16,0,7,1,15,,17975,16,0,7,1,15,,17977,16,0,7,1,55,,17979,16,0,7,1,15,,17981,16,0,7,1,15,,17983,16,0,7,1,15,,17985,16,0,7,1,55,,17987,16,0,7,1,15,,17989,16,0,7,1,15,,17991,16,0,7,1,15,,17993,16,0,7,1,55,,17995,16,0,7,1,15,,17997,16,0,7,1,15,,17999,16,0,7,1,15,,18001,16,0,7,1,55,,18003,16,0,7,1,15,,18005,16,0,7,1,15,,18007,16,0,7,1,15,,18009,16,0,7,1,55,,18011,16,0,7,1,15,,18013,16,0,7,1,15,,18015,16,0,7,1,15,,18017,16,0,7,1,55,,18019,16,0,7,1,15,,18021,16,0,7,1,15,,18023,16,0,7,1,15,,18025,16,0,7,1,55,,18027,16,0,7,1,15,,18029,16,0,7,1,15,,18031,16,0,7,1,15,,18033,16,0,7,1,55,,18035,16,0,7,1,15,,18037,16,0,7,1,15,,18039,16,0,7,1,15,,18041,16,0,7,1,70,,18045,16,0,7,1,29,,18049,16,0,7,1,7,,18050,16,0,7,1,55,,18052,16,0,7,1
400100,'16B156',618,,14715,16,0,7,1,15,,14717,16,0,7,1,15,,14719,16,0,7,1,55,,14721,16,0,7,1,15,,14723,16,0,7,1,15,,14725,16,0,7,1,15,,14727,16,0,7,1,55,,14729,16,0,7,1,15,,14731,16,0,7,1,15,,14733,16,0,7,1,15,,14735,16,0,7,1,55,,14737,16,0,7,1,15,,14739,16,0,7,1,15,,14741,16,0,7,1,15,,14743,16,0,7,1,55,,14745,16,0,7,1,15,,14747,16,0,7,1,15,,14749,16,0,7,1,15,,14751,16,0,7,1,55,,14753,16,0,7,1,15,,14755,16,0,7,1,15,,14757,16,0,7,1,15,,14759,16,0,7,1,55,,14761,16,0,7,1,15,,14763,16,0,7,1,15,,14765,16,0,7,1,15,,14767,16,0,7,1,55,,14769,16,0,7,1,15,,14771,16,0,7,1,15,,14773,16,0,7,1,15,,14775,16,0,7,1,55,,14777,16,0,7,1,15,,14779,16,0,7,1,15,,14781,16,0,7,1,15,,14783,16,0,7,1,55,,14785,16,0,7,1,15,,14787,16,0,7,1,15,,14789,16,0,7,1,15,,14791,16,0,7,1,55,,14793,16,0,7,1,15,,14795,16,0,7,1,15,,14797,16,0,7,1,15,,14799,16,0,7,1,55,,14801,16,0,7,1,15,,14803,16,0,7,1,15,,14805,16,0,7,1,15,,14807,16,0,7,1,55,,14809,16,0,7,1,15,,14811,16,0,7,1,15,,14813,16,0,7,1,15,,14815,16,0,7,1,55,,14817,16,0,7,1,15,,14819,16,0,7,1,15,,14821,16,0,7,1,15,,14823,16,0,7,1,55,,14825,16,0,7,1,15,,14827,16,0,7,1,15,,14829,16,0,7,1,15,,14831,16,0,7,1,55,,14833,16,0,7,1,15,,14835,16,0,7,1,15,,14837,16,0,7,1,15,,14839,16,0,7,1,55,,14841,16,0,7,1,15,,14843,16,0,7,1,15,,14845,16,0,7,1,15,,14847,16,0,7,1,55,,14849,16,0,7,1,15,,14851,16,0,7,1,15,,14853,16,0,7,1,15,,14855,16,0,7,1,55,,14857,16,0,7,1,15,,14859,16,0,7,1,30,,14863,16,0,7,1,69,,14867,16,0,7,1,15,,14869,16,0,7,1,7,,14870,16,0,7,1
400100,'16B160',618,,14871,16,0,7,1,15,,14873,16,0,7,1,15,,14875,16,0,7,1,55,,14877,16,0,7,1,15,,14879,16,0,7,1,15,,14881,16,0,7,1,15,,14883,16,0,7,1,55,,14885,16,0,7,1,15,,14887,16,0,7,1,15,,14889,16,0,7,1,15,,14891,16,0,7,1,55,,14893,16,0,7,1,15,,14895,16,0,7,1,15,,14897,16,0,7,1,15,,14899,16,0,7,1,55,,14901,16,0,7,1,15,,14903,16,0,7,1,15,,14905,16,0,7,1,15,,14907,16,0,7,1,55,,14909,16,0,7,1,15,,14911,16,0,7,1,15,,14913,16,0,7,1,15,,14915,16,0,7,1,55,,14917,16,0,7,1,15,,14919,16,0,7,1,15,,14921,16,0,7,1,15,,14923,16,0,7,1,55,,14925,16,0,7,1,15,,14927,16,0,7,1,15,,14929,16,0,7,1,15,,14931,16,0,7,1,55,,14933,16,0,7,1,15,,14935,16,0,7,1,15,,14937,16,0,7,1,15,,14939,16,0,7,1,55,,14941,16,0,7,1,15,,14943,16,0,7,1,15,,14945,16,0,7,1,15,,14947,16,0,7,1,55,,14949,16,0,7,1,15,,14951,16,0,7,1,15,,14953,16,0,7,1,15,,14955,16,0,7,1,55,,14957,16,0,7,1,15,,14959,16,0,7,1,15,,14961,16,0,7,1,15,,14963,16,0,7,1,55,,14965,16,0,7,1,15,,14967,16,0,7,1,15,,14969,16,0,7,1,15,,14971,16,0,7,1,55,,14973,16,0,7,1,15,,14975,16,0,7,1,15,,14977,16,0,7,1,15,,14979,16,0,7,1,55,,14981,16,0,7,1,15,,14983,16,0,7,1,15,,14985,16,0,7,1,15,,14987,16,0,7,1,55,,14989,16,0,7,1,15,,14991,16,0,7,1,15,,14993,16,0,7,1,15,,14995,16,0,7,1,55,,14997,16,0,7,1,15,,14999,16,0,7,1,15,,15001,16,0,7,1,15,,15003,16,0,7,1,55,,15005,16,0,7,1,15,,15007,16,0,7,1,15,,15009,16,0,7,1,15,,15011,16,0,7,1,55,,15013,16,0,7,1,15,,15015,16,0,7,1,15,,15017,16,0,7,1,15,,15019,16,0,7,1,70,,15023,16,0,7,1,29,,15027,16,0,7,1,55,,15029,16,0,7,1,7,,15030,16,0,7,1
400100,'32B220',625,,15032,16,0,7,1,15,,15034,16,0,7,1,15,,15036,16,0,7,1,55,,15039,16,0,7,1,7,,15041,16,0,7,1,7,,15043,16,0,7,1,7,,15045,16,0,7,1,7,,15047,16,0,7,1,7,,15049,16,0,7,1,7,,15051,16,0,7,1,7,,15053,16,0,7,1,47,,15055,16,0,7,1,7,,15057,16,0,7,1,7,,15059,16,0,7,1,7,,15061,16,0,7,1,7,,15063,16,0,7,1,7,,15065,16,0,7,1,7,,15067,16,0,7,1,7,,15069,16,0,7,1,47,,15071,16,0,7,1,7,,15073,16,0,7,1,7,,15075,16,0,7,1,7,,15077,16,0,7,1,7,,15079,16,0,7,1,7,,15081,16,0,7,1,7,,15083,16,0,7,1,7,,15085,16,0,7,1,7,,15087,16,0,7,1,47,,15089,16,0,7,1,7,,15091,16,0,7,1,8,,15093,16,0,7,1,15,,15095,16,0,7,1,15,,15097,16,0,7,1,55,,15099,16,0,7,1,15,,15101,16,0,7,1,15,,15103,16,0,7,1,15,,15105,16,0,7,1,55,,15107,16,0,7,1,15,,15109,16,0,7,1,15,,15111,16,0,7,1,15,,15113,16,0,7,1,55,,15115,16,0,7,1,15,,15117,16,0,7,1,15,,15119,16,0,7,1,15,,15121,16,0,7,1,55,,15123,16,0,7,1,15,,15125,16,0,7,1,15,,15127,16,0,7,1,15,,15129,16,0,7,1,55,,15131,16,0,7,1,9,,15133,16,0,7,1,7,,15135,16,0,7,1,7,,15137,16,0,7,1,7,,15139,16,0,7,1,7,,15141,16,0,7,1,7,,15143,16,0,7,1,7,,15145,16,0,7,1,47,,15147,16,0,7,1,7,,15149,16,0,7,1,7,,15151,16,0,7,1,7,,15153,16,0,7,1,7,,15155,16,0,7,1,7,,15157,16,0,7,1,7,,15159,16,0,7,1,7,,15161,16,0,7,1,7,,15163,16,0,7,1,47,,15165,16,0,7,1,7,,15167,16,0,7,1,7,,15169,16,0,7,1,7,,15171,16,0,7,1,7,,15173,16,0,7,1,7,,15175,16,0,7,1,7,,15177,16,0,7,1,7,,15179,16,0,7,1,47,,15181,16,0,7,1,7,,15183,16,0,7,1,7,,15185,16,0,7,1,7,,15187,16,0,7,1,7,,15189,16,0,7,1,7,,15191,16,0,7,1,7,,15193,16,0,7,1,7,,15195,16,0,7,1,53,,15197,16,0,7,1,15,,15199,16,0,7,1,15,,15201,16,0,7,1,15,,15203,16,0,7,1,55,,15205,16,0,7,1,15,,15207,16,0,7,1,15,,15209,16,0,7,1,13,,15211,16,0,7,1,55,,15213,16,0,7,1,15,,15215,16,0,7,1,15,,15217,16,0,7,1,15,,15219,16,0,7,1,55,,15221,16,0,7,1,15,,15223,16,0,7,1,15,,15225,16,0,7,1,15,,15227,16,0,7,1,55,,15229,16,0,7,1,15,,15231,16,0,7,1,15,,15233,16,0,7,1,15,,15235,16,0,7,1,55,,15237,16,0,7,1,15,,15239,16,0,7,1,15,,15241,16,0,7,1,15,,15243,16,0,7,1,55,,15245,16,0,7,1,15,,15247,16,0,7,1,15,,15249,16,0,7,1,7,,15250,16,0,7,1
400101,'ES-OuvertureTardive-RDS-16A140',737,,18057,4,0,8,1,15,,18059,4,0,8,1,55,,18061,4,0,8,1,15,,18063,4,0,8,1,15,,18065,4,0,8,1,15,,18067,4,0,8,1,55,,18069,4,0,8,1,15,,18071,4,0,8,1,15,,18073,4,0,8,1,15,,18075,4,0,8,1,55,,18077,4,0,8,1,15,,18079,4,0,8,1,15,,18081,4,0,8,1,15,,18083,4,0,8,1,55,,18085,4,0,8,1,15,,18087,4,0,8,1,15,,18089,4,0,8,1,15,,18091,4,0,8,1,55,,18093,4,0,8,1,15,,18095,4,0,8,1,15,,18097,4,0,8,1,15,,18099,4,0,8,1,55,,18101,4,0,8,1,15,,18103,4,0,8,1,15,,18105,4,0,8,1,15,,18107,4,0,8,1,55,,18109,4,0,8,1,15,,18111,4,0,8,1,15,,18113,4,0,8,1,15,,18115,4,0,8,1,55,,18117,4,0,8,1,15,,18119,4,0,8,1,15,,18121,4,0,8,1,15,,18123,4,0,8,1,55,,18125,4,0,8,1,15,,18127,4,0,8,1,15,,18129,4,0,8,1,15,,18131,4,0,8,1,55,,18133,4,0,8,1,15,,18135,4,0,8,1,15,,18137,4,0,8,1,15,,18139,4,0,8,1,55,,18141,4,0,8,1,15,,18143,4,0,8,1,15,,18145,4,0,8,1,15,,18147,4,0,8,1,55,,18149,4,0,8,1,15,,18151,4,0,8,1,15,,18153,4,0,8,1,15,,18155,4,0,8,1,55,,18157,4,0,8,1,15,,18159,4,0,8,1,15,,18161,4,0,8,1,15,,18163,4,0,8,1,55,,18165,4,0,8,1,15,,18167,4,0,8,1,15,,18169,4,0,8,1,15,,18171,4,0,8,1,55,,18173,4,0,8,1,15,,18175,4,0,8,1,15,,18177,4,0,8,1,15,,18179,4,0,8,1,55,,18181,4,0,8,1,15,,18183,4,0,8,1,15,,18185,4,0,8,1,15,,18187,4,0,8,1,55,,18189,4,0,8,1,15,,18192,4,0,8,1,13,,18194,4,0,8,1
400101,'ES-OuvertureTardive-RDS-16A144',737,,18201,4,0,8,1,14,,18203,4,0,8,1,55,,18205,4,0,8,1,15,,18207,4,0,8,1,15,,18209,4,0,8,1,15,,18211,4,0,8,1,55,,18213,4,0,8,1,15,,18215,4,0,8,1,15,,18217,4,0,8,1,15,,18219,4,0,8,1,55,,18221,4,0,8,1,15,,18223,4,0,8,1,15,,18225,4,0,8,1,15,,18227,4,0,8,1,55,,18229,4,0,8,1,15,,18231,4,0,8,1,15,,18233,4,0,8,1,15,,18235,4,0,8,1,55,,18237,4,0,8,1,15,,18239,4,0,8,1,15,,18241,4,0,8,1,15,,18243,4,0,8,1,55,,18245,4,0,8,1,15,,18247,4,0,8,1,15,,18249,4,0,8,1,15,,18251,4,0,8,1,55,,18253,4,0,8,1,15,,18255,4,0,8,1,15,,18257,4,0,8,1,15,,18259,4,0,8,1,55,,18261,4,0,8,1,15,,18263,4,0,8,1,15,,18265,4,0,8,1,15,,18267,4,0,8,1,55,,18269,4,0,8,1,15,,18271,4,0,8,1,15,,18273,4,0,8,1,15,,18275,4,0,8,1,55,,18277,4,0,8,1,15,,18279,4,0,8,1,15,,18281,4,0,8,1,15,,18283,4,0,8,1,55,,18285,4,0,8,1,15,,18287,4,0,8,1,15,,18289,4,0,8,1,15,,18291,4,0,8,1,55,,18293,4,0,8,1,15,,18295,4,0,8,1,15,,18297,4,0,8,1,15,,18299,4,0,8,1,55,,18301,4,0,8,1,15,,18303,4,0,8,1,15,,18305,4,0,8,1,15,,18307,4,0,8,1,55,,18309,4,0,8,1,15,,18311,4,0,8,1,15,,18313,4,0,8,1,15,,18315,4,0,8,1,55,,18317,4,0,8,1,15,,18319,4,0,8,1,15,,18321,4,0,8,1,15,,18323,4,0,8,1,55,,18325,4,0,8,1,15,,18327,4,0,8,1,15,,18329,4,0,8,1,15,,18331,4,0,8,1,55,,18333,4,0,8,1,15,,18335,4,0,8,1,15,,18337,4,0,8,1,15,,18340,4,0,8,1,55,,18342,4,0,8,1
400101,'16B156',537,,15254,4,0,8,1,15,,15256,4,0,8,1,55,,15258,4,0,8,1,15,,15260,4,0,8,1,15,,15262,4,0,8,1,15,,15264,4,0,8,1,55,,15266,4,0,8,1,15,,15268,4,0,8,1,15,,15270,4,0,8,1,15,,15272,4,0,8,1,55,,15274,4,0,8,1,15,,15276,4,0,8,1,15,,15278,4,0,8,1,15,,15280,4,0,8,1,55,,15282,4,0,8,1,15,,15284,4,0,8,1,15,,15286,4,0,8,1,15,,15288,4,0,8,1,55,,15290,4,0,8,1,15,,15292,4,0,8,1,15,,15294,4,0,8,1,15,,15296,4,0,8,1,55,,15298,4,0,8,1,15,,15300,4,0,8,1,15,,15302,4,0,8,1,15,,15304,4,0,8,1,55,,15306,4,0,8,1,15,,15308,4,0,8,1,15,,15310,4,0,8,1,15,,15312,4,0,8,1,55,,15314,4,0,8,1,15,,15316,4,0,8,1,15,,15318,4,0,8,1,15,,15320,4,0,8,1,55,,15322,4,0,8,1,15,,15324,4,0,8,1,15,,15326,4,0,8,1,15,,15328,4,0,8,1,55,,15330,4,0,8,1,15,,15332,4,0,8,1,15,,15334,4,0,8,1,15,,15336,4,0,8,1,55,,15338,4,0,8,1,15,,15340,4,0,8,1,15,,15342,4,0,8,1,15,,15344,4,0,8,1,55,,15346,4,0,8,1,15,,15348,4,0,8,1,15,,15350,4,0,8,1,15,,15352,4,0,8,1,55,,15354,4,0,8,1,15,,15356,4,0,8,1,15,,15358,4,0,8,1,15,,15360,4,0,8,1,55,,15362,4,0,8,1,15,,15364,4,0,8,1,15,,15366,4,0,8,1,15,,15368,4,0,8,1,55,,15370,4,0,8,1,15,,15372,4,0,8,1,15,,15374,4,0,8,1,15,,15376,4,0,8,1,55,,15378,4,0,8,1,15,,15380,4,0,8,1,15,,15382,4,0,8,1,15,,15384,4,0,8,1,55,,15386,4,0,8,1,15,,15388,4,0,8,1,15,,15390,4,0,8,1,15,,15392,4,0,8,1,55,,15394,4,0,8,1,15,,15396,4,0,8,1,15,,15398,4,0,8,1,15,,15400,4,0,8,1,55,,15402,4,0,8,1,15,,15405,4,0,8,1,13,,15407,4,0,8,1
400101,'16B160',537,,15413,4,0,8,1,15,,15415,4,0,8,1,55,,15417,4,0,8,1,15,,15419,4,0,8,1,15,,15421,4,0,8,1,15,,15423,4,0,8,1,55,,15425,4,0,8,1,15,,15427,4,0,8,1,15,,15429,4,0,8,1,15,,15431,4,0,8,1,55,,15433,4,0,8,1,15,,15435,4,0,8,1,15,,15437,4,0,8,1,15,,15439,4,0,8,1,55,,15441,4,0,8,1,15,,15443,4,0,8,1,15,,15445,4,0,8,1,15,,15447,4,0,8,1,55,,15449,4,0,8,1,15,,15451,4,0,8,1,15,,15453,4,0,8,1,15,,15455,4,0,8,1,55,,15457,4,0,8,1,15,,15459,4,0,8,1,15,,15461,4,0,8,1,15,,15463,4,0,8,1,55,,15465,4,0,8,1,15,,15467,4,0,8,1,15,,15469,4,0,8,1,15,,15471,4,0,8,1,55,,15473,4,0,8,1,15,,15475,4,0,8,1,15,,15477,4,0,8,1,15,,15479,4,0,8,1,55,,15481,4,0,8,1,15,,15483,4,0,8,1,15,,15485,4,0,8,1,15,,15487,4,0,8,1,55,,15489,4,0,8,1,15,,15491,4,0,8,1,15,,15493,4,0,8,1,15,,15495,4,0,8,1,55,,15497,4,0,8,1,15,,15499,4,0,8,1,15,,15501,4,0,8,1,15,,15503,4,0,8,1,55,,15505,4,0,8,1,15,,15507,4,0,8,1,15,,15509,4,0,8,1,15,,15511,4,0,8,1,55,,15513,4,0,8,1,15,,15515,4,0,8,1,15,,15517,4,0,8,1,15,,15519,4,0,8,1,55,,15521,4,0,8,1,15,,15523,4,0,8,1,15,,15525,4,0,8,1,15,,15527,4,0,8,1,55,,15529,4,0,8,1,15,,15531,4,0,8,1,15,,15533,4,0,8,1,15,,15535,4,0,8,1,55,,15537,4,0,8,1,15,,15539,4,0,8,1,15,,15541,4,0,8,1,15,,15543,4,0,8,1,55,,15545,4,0,8,1,15,,15547,4,0,8,1,15,,15549,4,0,8,1,15,,15551,4,0,8,1,55,,15553,4,0,8,1,15,,15555,4,0,8,1,15,,15557,4,0,8,1,15,,15559,4,0,8,1,55,,15561,4,0,8,1,15,,15563,4,0,8,1,15,,15565,4,0,8,1,15,,15568,4,0,8,1,53,,15570,4,0,8,1
400101,'32B220',537,,15576,4,0,8,1,15,,15578,4,0,8,1,55,,15580,4,0,8,1,15,,15582,4,0,8,1,15,,15584,4,0,8,1,9,,15586,4,0,8,1,7,,15588,4,0,8,1,47,,15590,4,0,8,1,7,,15592,4,0,8,1,7,,15594,4,0,8,1,7,,15596,4,0,8,1,7,,15598,4,0,8,1,7,,15600,4,0,8,1,7,,15602,4,0,8,1,7,,15604,4,0,8,1,7,,15606,4,0,8,1,47,,15608,4,0,8,1,7,,15610,4,0,8,1,7,,15612,4,0,8,1,7,,15614,4,0,8,1,7,,15616,4,0,8,1,7,,15618,4,0,8,1,7,,15620,4,0,8,1,7,,15622,4,0,8,1,7,,15624,4,0,8,1,47,,15626,4,0,8,1,7,,15628,4,0,8,1,7,,15630,4,0,8,1,7,,15632,4,0,8,1,7,,15634,4,0,8,1,7,,15636,4,0,8,1,7,,15638,4,0,8,1,11,,15641,4,0,8,1,54,,15643,4,0,8,1,15,,15645,4,0,8,1,15,,15647,4,0,8,1,15,,15649,4,0,8,1,55,,15651,4,0,8,1,15,,15653,4,0,8,1,15,,15655,4,0,8,1,15,,15657,4,0,8,1,55,,15659,4,0,8,1,15,,15661,4,0,8,1,15,,15663,4,0,8,1,15,,15665,4,0,8,1,55,,15667,4,0,8,1,15,,15669,4,0,8,1,15,,15671,4,0,8,1,15,,15673,4,0,8,1,55,,15675,4,0,8,1,15,,15677,4,0,8,1,15,,15679,4,0,8,1,14,,15681,4,0,8,1,48,,15683,4,0,8,1,7,,15685,4,0,8,1,7,,15687,4,0,8,1,7,,15689,4,0,8,1,7,,15691,4,0,8,1,7,,15693,4,0,8,1,7,,15695,4,0,8,1,7,,15697,4,0,8,1,47,,15699,4,0,8,1,7,,15701,4,0,8,1,7,,15703,4,0,8,1,7,,15705,4,0,8,1,7,,15707,4,0,8,1,7,,15709,4,0,8,1,7,,15711,4,0,8,1,7,,15713,4,0,8,1,7,,15715,4,0,8,1,47,,15717,4,0,8,1,7,,15719,4,0,8,1,7,,15721,4,0,8,1,7,,15723,4,0,8,1,7,,15725,4,0,8,1,7,,15727,4,0,8,1,7,,15729,4,0,8,1,7,,15731,4,0,8,1,47,40,15733,4,0,8,1,6,,15735,4,0,8,1,7,,15737,4,0,8,1,7,,15739,4,0,8,1,7,,15741,4,0,8,1,9,,15743,4,0,8,1,9,,15745,4,0,8,1,9,,15747,4,0,8,1,5,,15748,4,0,8,1,52,,15750,4,0,8,1,15,,15752,4,0,8,1,15,,15754,4,0,8,1,15,,15756,4,0,8,1,55,,15758,4,0,8,1,15,,15760,4,0,8,1,15,,15762,4,0,8,1,15,,15764,4,0,8,1,55,,15766,4,0,8,1,15,,15768,4,0,8,1,15,,15770,4,0,8,1,15,,15772,4,0,8,1,55,,15774,4,0,8,1,15,,15776,4,0,8,1,15,,15778,4,0,8,1,15,,15780,4,0,8,1,55,,15782,4,0,8,1,15,,15784,4,0,8,1,15,,15786,4,0,8,1,15,,15788,4,0,8,1,55,,15790,4,0,8,1,15,,15792,4,0,8,1,13,,15794,4,0,8,1
