400100,'ES-OuvertureTardive-RDS-16A140',801,,17769,11,0,7,1,8,,17770,11,0,9,1,7,,17771,11,0,7,1,8,,17772,11,0,9,1,7,,17773,11,0,7,1,8,,17774,11,0,9,1,7,,17775,11,0,7,1,8,,17776,11,0,9,1,47,,17777,11,0,7,1,8,,17778,11,0,9,1,7,,17779,11,0,7,1,8,,17780,11,0,9,1,7,,17781,11,0,7,1,8,,17782,11,0,9,1,7,,17783,11,0,7,1,8,,17784,11,0,9,1,47,,17785,11,0,7,1,8,,17786,11,0,9,1,7,,17787,11,0,7,1,8,,17788,11,0,9,1,7,,17789,11,0,7,1,8,,17790,11,0,9,1,7,,17791,11,0,7,1,8,,17792,11,0,9,1,47,,17793,11,0,7,1,8,,17794,11,0,9,1,7,,17795,11,0,7,1,8,,17796,11,0,9,1,7,,17797,11,0,7,1,8,,17798,11,0,9,1,7,,17799,11,0,7,1,8,,17800,11,0,9,1,47,,17801,11,0,7,1,8,,17802,11,0,9,1,7,,17803,11,0,7,1,8,,17804,11,0,9,1,7,,17805,11,0,7,1,8,,17806,11,0,9,1,7,,17807,11,0,7,1,8,,17808,11,0,9,1,47,,17809,11,0,7,1,8,,17810,11,0,9,1,7,,17811,11,0,7,1,8,,17812,11,0,9,1,7,,17813,11,0,7,1,8,,17814,11,0,9,1,7,,17815,11,0,7,1,8,,17816,11,0,9,1,47,,17817,11,0,7,1,8,,17818,11,0,9,1,7,,17819,11,0,7,1,8,,17820,11,0,9,1,7,,17821,11,0,7,1,8,,17822,11,0,9,1,7,,17823,11,0,7,1,8,,17824,11,0,9,1,47,,17825,11,0,7,1,8,,17826,11,0,9,1,7,,17827,11,0,7,1,8,,17828,11,0,9,1,7,,17829,11,0,7,1,8,,17830,11,0,9,1,7,,17831,11,0,7,1,8,,17832,11,0,9,1,47,,17833,11,0,7,1,8,,17834,11,0,9,1,7,,17835,11,0,7,1,8,,17836,11,0,9,1,7,,17837,11,0,7,1,8,,17838,11,0,9,1,7,,17839,11,0,7,1,8,,17840,11,0,9,1,47,,17841,11,0,7,1,8,,17842,11,0,9,1,7,,17843,11,0,7,1,8,,17844,11,0,9,1,7,,17845,11,0,7,1,8,,17846,11,0,9,1,7,,17847,11,0,7,1,8,,17848,11,0,9,1,47,,17849,11,0,7,1,8,,17850,11,0,9,1,7,,17851,11,0,7,1,8,,17852,11,0,9,1,7,,17853,11,0,7,1,8,,17854,11,0,9,1,7,,17855,11,0,7,1,8,,17856,11,0,9,1,47,,17857,11,0,7,1,8,,17858,11,0,9,1,7,,17859,11,0,7,1,8,,17860,11,0,9,1,7,,17861,11,0,7,1,8,,17862,11,0,9,1,7,,17863,11,0,7,1,8,,17864,11,0,9,1,47,,17865,11,0,7,1,8,,17866,11,0,9,1,7,,17867,11,0,7,1,8,,17868,11,0,9,1,7,,17869,11,0,7,1,8,,17870,11,0,9,1,7,,17871,11,0,7,1,8,,17872,11,0,9,1,47,,17873,11,0,7,1,8,,17874,11,0,9,1,7,,17875,11,0,7,1,8,,17876,11,0,9,1,7,,17877,11,0,7,1,8,,17878,11,0,9,1,7,,17879,11,0,7,1,8,,17880,11,0,9,1,47,,17881,11,0,7,1,8,,17882,11,0,9,1,7,,17883,11,0,7,1,8,,17884,11,0,9,1,7,,17885,11,0,7,1,8,,17886,11,0,9,1,7,,17887,11,0,7,1,8,,17888,11,0,9,1,47,,17889,11,0,7,1,8,,17890,11,0,9,1,7,,17891,11,0,7,1,8,,17892,11,0,9,1,7,,17893,11,0,7,1,8,,17894,11,0,9,1,7,,17895,11,0,7,1,8,,17896,11,0,9,1,47,,17897,11,0,7,1,8,,17898,11,0,9,1,7,,17899,11,0,5,1,8,,17900,11,0,9,1,7,,17901,11,0,7,1,8,,17902,11,0,9,1,6,,17903,11,0,5,1,8,,17904,11,0,9,1,47,,17905,11,0,7,1,8,,17906,11,0,7,1,7,,17907,11,0,9,1,8,,17908,11,0,7,1
400100,'ES-OuvertureTardive-RDS-16A144',801,,17909,11,0,7,1,8,,17910,11,0,9,1,7,,17911,11,0,7,1,8,,17912,11,0,9,1,7,,17913,11,0,7,1,8,,17914,11,0,9,1,7,,17915,11,0,7,1,8,,17916,11,0,9,1,47,,17917,11,0,7,1,8,,17918,11,0,9,1,7,,17919,11,0,7,1,8,,17920,11,0,9,1,7,,17921,11,0,7,1,8,,17922,11,0,9,1,7,,17923,11,0,7,1,8,,17924,11,0,9,1,47,,17925,11,0,7,1,8,,17926,11,0,9,1,7,,17927,11,0,7,1,8,,17928,11,0,9,1,7,,17929,11,0,7,1,8,,17930,11,0,9,1,7,,17931,11,0,7,1,8,,17932,11,0,9,1,47,,17933,11,0,7,1,8,,17934,11,0,9,1,7,,17935,11,0,7,1,8,,17936,11,0,9,1,7,,17937,11,0,7,1,8,,17938,11,0,9,1,7,,17939,11,0,7,1,8,,17940,11,0,9,1,47,,17941,11,0,7,1,8,,17942,11,0,9,1,7,,17943,11,0,7,1,8,,17944,11,0,9,1,7,,17945,11,0,7,1,8,,17946,11,0,9,1,7,,17947,11,0,7,1,8,,17948,11,0,9,1,47,,17949,11,0,7,1,8,,17950,11,0,9,1,7,,17951,11,0,7,1,8,,17952,11,0,9,1,7,,17953,11,0,7,1,8,,17954,11,0,9,1,7,,17955,11,0,7,1,8,,17956,11,0,9,1,47,,17957,11,0,7,1,8,,17958,11,0,9,1,7,,17959,11,0,7,1,8,,17960,11,0,9,1,7,,17961,11,0,7,1,8,,17962,11,0,9,1,7,,17963,11,0,7,1,8,,17964,11,0,9,1,47,,17965,11,0,7,1,8,,17966,11,0,9,1,7,,17967,11,0,7,1,8,,17968,11,0,9,1,7,,17969,11,0,7,1,8,,17970,11,0,9,1,7,,17971,11,0,7,1,8,,17972,11,0,9,1,47,,17973,11,0,7,1,8,,17974,11,0,9,1,7,,17975,11,0,7,1,8,,17976,11,0,9,1,7,,17977,11,0,7,1,8,,17978,11,0,9,1,7,,17979,11,0,7,1,8,,17980,11,0,9,1,47,,17981,11,0,7,1,8,,17982,11,0,9,1,7,,17983,11,0,7,1,8,,17984,11,0,9,1,7,,17985,11,0,7,1,8,,17986,11,0,9,1,7,,17987,11,0,7,1,8,,17988,11,0,9,1,47,,17989,11,0,7,1,8,,17990,11,0,9,1,7,,17991,11,0,7,1,8,,17992,11,0,9,1,7,,17993,11,0,7,1,8,,17994,11,0,9,1,7,,17995,11,0,7,1,8,,17996,11,0,9,1,47,,17997,11,0,7,1,8,,17998,11,0,9,1,7,,17999,11,0,7,1,8,,18000,11,0,9,1,7,,18001,11,0,7,1,8,,18002,11,0,9,1,7,,18003,11,0,7,1,8,,18004,11,0,9,1,47,,18005,11,0,7,1,8,,18006,11,0,9,1,7,,18007,11,0,7,1,8,,18008,11,0,9,1,7,,18009,11,0,7,1,8,,18010,11,0,9,1,7,,18011,11,0,7,1,8,,18012,11,0,9,1,47,,18013,11,0,7,1,8,,18014,11,0,9,1,7,,18015,11,0,7,1,8,,18016,11,0,9,1,7,,18017,11,0,7,1,8,,18018,11,0,9,1,7,,18019,11,0,7,1,8,,18020,11,0,9,1,47,,18021,11,0,7,1,8,,18022,11,0,9,1,7,,18023,11,0,7,1,8,,18024,11,0,9,1,7,,18025,11,0,7,1,8,,18026,11,0,9,1,7,,18027,11,0,7,1,8,,18028,11,0,9,1,47,,18029,11,0,7,1,8,,18030,11,0,9,1,7,,18031,11,0,7,1,8,,18032,11,0,9,1,7,,18033,11,0,7,1,8,,18034,11,0,9,1,7,,18035,11,0,7,1,8,,18036,11,0,9,1,47,,18037,11,0,7,1,8,,18038,11,0,9,1,7,,18039,11,0,7,1,8,,18040,11,0,9,1,7,,18041,11,0,7,1,8,,18042,11,0,9,1,7,,18043,11,0,5,1,8,,18044,11,0,9,1,47,,18045,11,0,7,1,8,,18046,11,0,9,1,6,,18047,11,0,5,1,8,,18048,11,0,9,1,7,,18049,11,0,7,1,8,,18050,11,0,7,1,7,,18051,11,0,9,1,8,,18052,11,0,7,1
400100,'16B156',601,,14715,11,0,7,1,8,,14716,11,0,9,1,7,,14717,11,0,7,1,8,,14718,11,0,9,1,7,,14719,11,0,7,1,8,,14720,11,0,9,1,7,,14721,11,0,7,1,8,,14722,11,0,9,1,47,,14723,11,0,7,1,8,,14724,11,0,9,1,7,,14725,11,0,7,1,8,,14726,11,0,9,1,7,,14727,11,0,7,1,8,,14728,11,0,9,1,7,,14729,11,0,7,1,8,,14730,11,0,9,1,47,,14731,11,0,7,1,8,,14732,11,0,9,1,7,,14733,11,0,7,1,8,,14734,11,0,9,1,7,,14735,11,0,7,1,8,,14736,11,0,9,1,7,,14737,11,0,7,1,8,,14738,11,0,9,1,47,,14739,11,0,7,1,8,,14740,11,0,9,1,7,,14741,11,0,7,1,8,,14742,11,0,9,1,7,,14743,11,0,7,1,8,,14744,11,0,9,1,7,,14745,11,0,7,1,8,,14746,11,0,9,1,47,,14747,11,0,7,1,8,,14748,11,0,9,1,7,,14749,11,0,7,1,8,,14750,11,0,9,1,7,,14751,11,0,7,1,8,,14752,11,0,9,1,7,,14753,11,0,7,1,8,,14754,11,0,9,1,47,,14755,11,0,7,1,8,,14756,11,0,9,1,7,,14757,11,0,7,1,8,,14758,11,0,9,1,7,,14759,11,0,7,1,8,,14760,11,0,9,1,7,,14761,11,0,7,1,8,,14762,11,0,9,1,47,,14763,11,0,7,1,8,,14764,11,0,9,1,7,,14765,11,0,7,1,8,,14766,11,0,9,1,7,,14767,11,0,7,1,8,,14768,11,0,9,1,7,,14769,11,0,7,1,8,,14770,11,0,9,1,47,,14771,11,0,7,1,8,,14772,11,0,9,1,7,,14773,11,0,7,1,8,,14774,11,0,9,1,7,,14775,11,0,7,1,8,,14776,11,0,9,1,7,,14777,11,0,7,1,8,,14778,11,0,9,1,47,,14779,11,0,7,1,8,,14780,11,0,9,1,7,,14781,11,0,7,1,8,,14782,11,0,9,1,7,,14783,11,0,7,1,8,,14784,11,0,9,1,7,,14785,11,0,7,1,8,,14786,11,0,9,1,47,,14787,11,0,7,1,8,,14788,11,0,9,1,7,,14789,11,0,7,1,8,,14790,11,0,9,1,7,,14791,11,0,7,1,8,,14792,11,0,9,1,7,,14793,11,0,7,1,8,,14794,11,0,9,1,47,,14795,11,0,7,1,8,,14796,11,0,9,1,7,,14797,11,0,7,1,8,,14798,11,0,9,1,7,,14799,11,0,7,1,8,,14800,11,0,9,1,7,,14801,11,0,7,1,8,,14802,11,0,9,1,47,,14803,11,0,7,1,8,,14804,11,0,9,1,7,,14805,11,0,7,1,8,,14806,11,0,9,1,7,,14807,11,0,7,1,8,,14808,11,0,9,1,7,,14809,11,0,7,1,8,,14810,11,0,9,1,47,,14811,11,0,7,1,8,,14812,11,0,9,1,7,,14813,11,0,7,1,8,,14814,11,0,9,1,7,,14815,11,0,7,1,8,,14816,11,0,9,1,7,,14817,11,0,7,1,8,,14818,11,0,9,1,47,,14819,11,0,7,1,8,,14820,11,0,9,1,7,,14821,11,0,7,1,8,,14822,11,0,9,1,7,,14823,11,0,7,1,8,,14824,11,0,9,1,7,,14825,11,0,7,1,8,,14826,11,0,9,1,47,,14827,11,0,7,1,8,,14828,11,0,9,1,7,,14829,11,0,7,1,8,,14830,11,0,9,1,7,,14831,11,0,7,1,8,,14832,11,0,9,1,7,,14833,11,0,7,1,8,,14834,11,0,9,1,47,,14835,11,0,7,1,8,,14836,11,0,9,1,7,,14837,11,0,7,1,8,,14838,11,0,9,1,7,,14839,11,0,7,1,8,,14840,11,0,9,1,7,,14841,11,0,7,1,8,,14842,11,0,9,1,47,,14843,11,0,7,1,8,,14844,11,0,9,1,7,,14845,11,0,7,1,8,,14846,11,0,9,1,7,,14847,11,0,7,1,8,,14848,11,0,9,1,7,,14849,11,0,7,1,8,,14850,11,0,9,1,47,,14851,11,0,7,1,8,,14852,11,0,9,1,7,,14853,11,0,7,1,8,,14854,11,0,9,1,7,,14855,11,0,7,1,8,,14856,11,0,9,1,7,,14857,11,0,7,1,8,,14858,11,0,9,1,47,,14859,11,0,7,1,7,,14860,11,0,9,1,8,,14861,11,0,5,1,8,,14862,11,0,9,1,7,,14863,11,0,7,1,8,,14864,11,0,9,1,6,,14865,11,0,5,1,8,,14866,11,0,9,1,47,,14867,11,0,7,1,8,,14868,11,0,9,1,7,,14869,11,0,7,1,8,,14870,11,0,7,1
400100,'16B160',601,,14871,11,0,7,1,8,,14872,11,0,9,1,7,,14873,11,0,7,1,8,,14874,11,0,9,1,7,,14875,11,0,7,1,8,,14876,11,0,9,1,7,,14877,11,0,7,1,8,,14878,11,0,9,1,47,,14879,11,0,7,1,8,,14880,11,0,9,1,7,,14881,11,0,7,1,8,,14882,11,0,9,1,7,,14883,11,0,7,1,8,,14884,11,0,9,1,7,,14885,11,0,7,1,8,,14886,11,0,9,1,47,,14887,11,0,7,1,8,,14888,11,0,9,1,7,,14889,11,0,7,1,8,,14890,11,0,9,1,7,,14891,11,0,7,1,8,,14892,11,0,9,1,7,,14893,11,0,7,1,8,,14894,11,0,9,1,47,,14895,11,0,7,1,8,,14896,11,0,9,1,7,,14897,11,0,7,1,8,,14898,11,0,9,1,7,,14899,11,0,7,1,8,,14900,11,0,9,1,7,,14901,11,0,7,1,8,,14902,11,0,9,1,47,,14903,11,0,7,1,8,,14904,11,0,9,1,7,,14905,11,0,7,1,8,,14906,11,0,9,1,7,,14907,11,0,7,1,8,,14908,11,0,9,1,7,,14909,11,0,7,1,8,,14910,11,0,9,1,47,,14911,11,0,7,1,8,,14912,11,0,9,1,7,,14913,11,0,7,1,8,,14914,11,0,9,1,7,,14915,11,0,7,1,8,,14916,11,0,9,1,7,,14917,11,0,7,1,8,,14918,11,0,9,1,47,,14919,11,0,7,1,8,,14920,11,0,9,1,7,,14921,11,0,7,1,8,,14922,11,0,9,1,7,,14923,11,0,7,1,8,,14924,11,0,9,1,7,,14925,11,0,7,1,8,,14926,11,0,9,1,47,,14927,11,0,7,1,8,,14928,11,0,9,1,7,,14929,11,0,7,1,8,,14930,11,0,9,1,7,,14931,11,0,7,1,8,,14932,11,0,9,1,7,,14933,11,0,7,1,8,,14934,11,0,9,1,47,,14935,11,0,7,1,8,,14936,11,0,9,1,7,,14937,11,0,7,1,8,,14938,11,0,9,1,7,,14939,11,0,7,1,8,,14940,11,0,9,1,7,,14941,11,0,7,1,8,,14942,11,0,9,1,47,,14943,11,0,7,1,8,,14944,11,0,9,1,7,,14945,11,0,7,1,8,,14946,11,0,9,1,7,,14947,11,0,7,1,8,,14948,11,0,9,1,7,,14949,11,0,7,1,8,,14950,11,0,9,1,47,,14951,11,0,7,1,8,,14952,11,0,9,1,7,,14953,11,0,7,1,8,,14954,11,0,9,1,7,,14955,11,0,7,1,8,,14956,11,0,9,1,7,,14957,11,0,7,1,8,,14958,11,0,9,1,47,,14959,11,0,7,1,8,,14960,11,0,9,1,7,,14961,11,0,7,1,8,,14962,11,0,9,1,7,,14963,11,0,7,1,8,,14964,11,0,9,1,7,,14965,11,0,7,1,8,,14966,11,0,9,1,47,,14967,11,0,7,1,8,,14968,11,0,9,1,7,,14969,11,0,7,1,8,,14970,11,0,9,1,7,,14971,11,0,7,1,8,,14972,11,0,9,1,7,,14973,11,0,7,1,8,,14974,11,0,9,1,47,,14975,11,0,7,1,8,,14976,11,0,9,1,7,,14977,11,0,7,1,8,,14978,11,0,9,1,7,,14979,11,0,7,1,8,,14980,11,0,9,1,7,,14981,11,0,7,1,8,,14982,11,0,9,1,47,,14983,11,0,7,1,8,,14984,11,0,9,1,7,,14985,11,0,7,1,8,,14986,11,0,9,1,7,,14987,11,0,7,1,8,,14988,11,0,9,1,7,,14989,11,0,7,1,8,,14990,11,0,9,1,47,,14991,11,0,7,1,8,,14992,11,0,9,1,7,,14993,11,0,7,1,8,,14994,11,0,9,1,7,,14995,11,0,7,1,8,,14996,11,0,9,1,7,,14997,11,0,7,1,8,,14998,11,0,9,1,47,,14999,11,0,7,1,8,,15000,11,0,9,1,7,,15001,11,0,7,1,8,,15002,11,0,9,1,7,,15003,11,0,7,1,8,,15004,11,0,9,1,7,,15005,11,0,7,1,8,,15006,11,0,9,1,47,,15007,11,0,7,1,8,,15008,11,0,9,1,7,,15009,11,0,7,1,8,,15010,11,0,9,1,7,,15011,11,0,7,1,8,,15012,11,0,9,1,7,,15013,11,0,7,1,8,,15014,11,0,9,1,47,,15015,11,0,7,1,8,,15016,11,0,9,1,7,,15017,11,0,7,1,8,,15018,11,0,9,1,7,,15019,11,0,7,1,7,,15020,11,0,9,1,8,,15021,11,0,5,1,8,,15022,11,0,9,1,47,,15023,11,0,7,1,8,,15024,11,0,9,1,6,,15025,11,0,5,1,8,,15026,11,0,9,1,7,,15027,11,0,7,1,8,,15028,11,0,9,1,7,,15029,11,0,7,1,8,,15030,11,0,7,1
400100,'32B220',601,,15031,11,0,9,1,8,,15032,11,0,7,1,7,,15033,11,0,9,1,8,,15034,11,0,7,1,7,,15035,11,0,9,1,8,,15036,11,0,7,1,7,,15037,11,0,9,1,4,,15038,11,0,5,1,3,,15039,11,0,7,1,4,,15040,11,0,9,1,43,,15041,11,0,7,1,4,,15042,11,0,5,1,3,,15043,11,0,7,1,4,,15044,11,0,9,1,3,,15045,11,0,7,1,4,,15046,11,0,5,1,3,,15047,11,0,7,1,4,,15048,11,0,9,1,3,,15049,11,0,7,1,4,,15050,11,0,5,1,3,,15051,11,0,7,1,4,,15052,11,0,9,1,3,,15053,11,0,7,1,4,,15054,11,0,5,1,3,,15055,11,0,7,1,4,,15056,11,0,9,1,3,,15057,11,0,7,1,44,40,15058,11,0,5,1,3,,15059,11,0,7,1,4,,15060,11,0,9,1,3,,15061,11,0,7,1,4,,15062,11,0,5,1,3,,15063,11,0,7,1,4,,15064,11,0,9,1,3,,15065,11,0,7,1,4,,15066,11,0,5,1,3,,15067,11,0,7,1,4,,15068,11,0,9,1,3,,15069,11,0,7,1,4,,15070,11,0,5,1,3,,15071,11,0,7,1,4,,15072,11,0,9,1,3,,15073,11,0,7,1,4,,15074,11,0,5,1,3,,15075,11,0,7,1,44,,15076,11,0,9,1,3,,15077,11,0,7,1,4,,15078,11,0,5,1,3,,15079,11,0,7,1,4,,15080,11,0,9,1,3,,15081,11,0,7,1,4,,15082,11,0,5,1,3,,15083,11,0,7,1,4,,15084,11,0,9,1,3,,15085,11,0,7,1,4,,15086,11,0,5,1,3,,15087,11,0,7,1,4,,15088,11,0,9,1,3,,15089,11,0,7,1,4,,15090,11,0,5,1,3,,15091,11,0,7,1,4,,15092,11,0,9,1,44,,15093,11,0,7,1,8,,15094,11,0,9,1,7,,15095,11,0,7,1,8,,15096,11,0,9,1,7,,15097,11,0,7,1,8,,15098,11,0,9,1,7,,15099,11,0,7,1,8,,15100,11,0,9,1,47,,15101,11,0,7,1,8,,15102,11,0,9,1,7,,15103,11,0,7,1,8,,15104,11,0,9,1,7,,15105,11,0,7,1,8,,15106,11,0,9,1,7,,15107,11,0,7,1,8,,15108,11,0,9,1,47,,15109,11,0,7,1,8,,15110,11,0,9,1,7,,15111,11,0,7,1,8,,15112,11,0,9,1,7,,15113,11,0,7,1,8,,15114,11,0,9,1,7,,15115,11,0,7,1,8,,15116,11,0,9,1,47,,15117,11,0,7,1,8,,15118,11,0,9,1,7,,15119,11,0,7,1,8,,15120,11,0,9,1,7,,15121,11,0,7,1,8,,15122,11,0,9,1,7,,15123,11,0,7,1,8,,15124,11,0,9,1,47,,15125,11,0,7,1,8,,15126,11,0,9,1,7,,15127,11,0,7,1,8,,15128,11,0,9,1,7,,15129,11,0,7,1,8,,15130,11,0,9,1,7,,15131,11,0,7,1,6,,15132,11,0,9,1,3,,15133,11,0,7,1,44,,15134,11,0,9,1,4,,15135,11,0,7,1,3,,15136,11,0,5,1,4,,15137,11,0,7,1,3,,15138,11,0,9,1,4,,15139,11,0,7,1,3,,15140,11,0,5,1,4,,15141,11,0,7,1,3,,15142,11,0,9,1,4,,15143,11,0,7,1,3,,15144,11,0,5,1,4,,15145,11,0,7,1,3,,15146,11,0,9,1,4,,15147,11,0,7,1,3,,15148,11,0,5,1,4,,15149,11,0,7,1,3,,15150,11,0,9,1,44,,15151,11,0,7,1,3,,15152,11,0,5,1,4,,15153,11,0,7,1,3,,15154,11,0,9,1,4,,15155,11,0,7,1,3,,15156,11,0,5,1,4,,15157,11,0,7,1,3,,15158,11,0,9,1,4,,15159,11,0,7,1,3,,15160,11,0,5,1,4,,15161,11,0,7,1,3,,15162,11,0,9,1,4,,15163,11,0,7,1,3,,15164,11,0,5,1,4,,15165,11,0,7,1,3,,15166,11,0,9,1,4,,15167,11,0,7,1,43,,15168,11,0,5,1,4,,15169,11,0,7,1,3,,15170,11,0,9,1,4,,15171,11,0,7,1,3,,15172,11,0,5,1,4,,15173,11,0,7,1,3,,15174,11,0,9,1,4,,15175,11,0,7,1,3,,15176,11,0,5,1,4,,15177,11,0,7,1,3,,15178,11,0,9,1,4,,15179,11,0,7,1,3,,15180,11,0,5,1,4,,15181,11,0,7,1,3,,15182,11,0,9,1,4,,15183,11,0,7,1,3,,15184,11,0,5,1,44,40,15185,11,0,7,1,3,,15186,11,0,9,1,4,,15187,11,0,7,1,3,,15188,11,0,5,1,4,,15189,11,0,7,1,3,,15190,11,0,9,1,4,,15191,11,0,7,1,3,,15192,11,0,5,1,4,,15193,11,0,7,1,3,,15194,11,0,9,1,4,,15195,11,0,7,1,5,,15196,11,0,9,1,7,,15197,11,0,7,1,8,,15198,11,0,9,1,47,,15199,11,0,7,1,8,,15200,11,0,9,1,7,,15201,11,0,7,1,8,,15202,11,0,9,1,7,,15203,11,0,7,1,8,,15204,11,0,9,1,7,,15205,11,0,7,1,8,,15206,11,0,9,1,47,,15207,11,0,7,1,8,,15208,11,0,9,1,7,,15209,11,0,7,1,8,,15210,11,0,9,1,5,,15211,11,0,7,1,8,,15212,11,0,9,1,7,,15213,11,0,7,1,8,,15214,11,0,9,1,47,,15215,11,0,7,1,8,,15216,11,0,9,1,7,,15217,11,0,7,1,8,,15218,11,0,9,1,7,,15219,11,0,7,1,8,,15220,11,0,9,1,7,,15221,11,0,7,1,8,,15222,11,0,9,1,47,,15223,11,0,7,1,8,,15224,11,0,9,1,7,,15225,11,0,7,1,8,,15226,11,0,9,1,7,,15227,11,0,7,1,8,,15228,11,0,9,1,7,,15229,11,0,7,1,8,,15230,11,0,9,1,47,,15231,11,0,7,1,8,,15232,11,0,9,1,7,,15233,11,0,7,1,8,,15234,11,0,9,1,7,,15235,11,0,7,1,8,,15236,11,0,9,1,7,,15237,11,0,7,1,8,,15238,11,0,9,1,47,,15239,11,0,7,1,8,,15240,11,0,9,1,7,,15241,11,0,7,1,8,,15242,11,0,9,1,7,,15243,11,0,7,1,8,,15244,11,0,9,1,7,,15245,11,0,7,1,8,,15246,11,0,9,1,47,,15247,11,0,7,1,8,,15248,11,0,9,1,7,,15249,11,0,7,1,8,,15250,11,0,7,1
400101,'ES-OuvertureTardive-RDS-16A140',753,,18057,9,0,8,1,47,,18058,7,0,8,1,8,,18059,9,0,8,1,8,,18060,7,0,8,1,7,,18061,9,0,8,1,8,,18062,7,0,8,1,7,,18063,9,0,8,1,8,,18064,7,0,8,1,7,,18065,9,0,8,1,48,,18066,7,0,8,1,7,,18067,9,0,8,1,8,,18068,7,0,8,1,7,,18069,9,0,8,1,8,,18070,7,0,8,1,7,,18071,9,0,8,1,8,,18072,7,0,8,1,7,,18073,9,0,8,1,48,,18074,7,0,8,1,7,,18075,9,0,8,1,8,,18076,7,0,8,1,7,,18077,9,0,8,1,8,,18078,7,0,8,1,7,,18079,9,0,8,1,8,,18080,7,0,8,1,7,,18081,9,0,8,1,48,,18082,7,0,8,1,7,,18083,9,0,8,1,8,,18084,7,0,8,1,7,,18085,9,0,8,1,8,,18086,7,0,8,1,7,,18087,9,0,8,1,8,,18088,7,0,8,1,7,,18089,9,0,8,1,48,,18090,7,0,8,1,7,,18091,9,0,8,1,8,,18092,7,0,8,1,7,,18093,9,0,8,1,8,,18094,7,0,8,1,7,,18095,9,0,8,1,8,,18096,7,0,8,1,7,,18097,9,0,8,1,48,,18098,7,0,8,1,7,,18099,9,0,8,1,8,,18100,7,0,8,1,7,,18101,9,0,8,1,8,,18102,7,0,8,1,7,,18103,9,0,8,1,8,,18104,7,0,8,1,7,,18105,9,0,8,1,48,,18106,7,0,8,1,7,,18107,9,0,8,1,8,,18108,7,0,8,1,7,,18109,9,0,8,1,8,,18110,7,0,8,1,7,,18111,9,0,8,1,8,,18112,7,0,8,1,7,,18113,9,0,8,1,48,,18114,7,0,8,1,7,,18115,9,0,8,1,8,,18116,7,0,8,1,7,,18117,9,0,8,1,8,,18118,7,0,8,1,7,,18119,9,0,8,1,8,,18120,7,0,8,1,7,,18121,9,0,8,1,48,,18122,7,0,8,1,7,,18123,9,0,8,1,8,,18124,7,0,8,1,7,,18125,9,0,8,1,8,,18126,7,0,8,1,7,,18127,9,0,8,1,8,,18128,7,0,8,1,7,,18129,9,0,8,1,48,,18130,7,0,8,1,7,,18131,9,0,8,1,8,,18132,7,0,8,1,7,,18133,9,0,8,1,8,,18134,7,0,8,1,7,,18135,9,0,8,1,8,,18136,7,0,8,1,7,,18137,9,0,8,1,48,,18138,7,0,8,1,7,,18139,9,0,8,1,8,,18140,7,0,8,1,7,,18141,9,0,8,1,8,,18142,7,0,8,1,7,,18143,9,0,8,1,8,,18144,7,0,8,1,7,,18145,9,0,8,1,48,,18146,7,0,8,1,7,,18147,9,0,8,1,8,,18148,7,0,8,1,7,,18149,9,0,8,1,8,,18150,7,0,8,1,7,,18151,9,0,8,1,8,,18152,7,0,8,1,7,,18153,9,0,8,1,48,,18154,7,0,8,1,7,,18155,9,0,8,1,8,,18156,7,0,8,1,7,,18157,9,0,8,1,8,,18158,7,0,8,1,7,,18159,9,0,8,1,8,,18160,7,0,8,1,7,,18161,9,0,8,1,48,,18162,7,0,8,1,7,,18163,9,0,8,1,8,,18164,7,0,8,1,7,,18165,9,0,8,1,8,,18166,7,0,8,1,7,,18167,9,0,8,1,8,,18168,7,0,8,1,7,,18169,9,0,8,1,48,,18170,7,0,8,1,7,,18171,9,0,8,1,8,,18172,7,0,8,1,7,,18173,9,0,8,1,8,,18174,7,0,8,1,7,,18175,9,0,8,1,8,,18176,7,0,8,1,7,,18177,9,0,8,1,48,,18178,7,0,8,1,7,,18179,9,0,8,1,8,,18180,7,0,8,1,7,,18181,9,0,8,1,8,,18182,7,0,8,1,7,,18183,9,0,8,1,8,,18184,7,0,8,1,7,,18185,9,0,8,1,48,,18186,7,0,8,1,7,,18187,9,0,8,1,8,,18188,7,0,8,1,7,,18189,9,0,8,1,5,,18190,7,0,8,1,4,,18191,3,0,8,1,6,,18192,9,0,8,1,7,,18193,7,0,8,1,7,,18194,9,0,8,1,5,,18195,7,0,8,1,44,,18196,3,0,8,1
400101,'ES-OuvertureTardive-RDS-16A144',753,,18201,9,0,8,1,47,,18202,7,0,8,1,8,,18203,9,0,8,1,7,,18204,7,0,8,1,8,,18205,9,0,8,1,7,,18206,7,0,8,1,8,,18207,9,0,8,1,7,,18208,7,0,8,1,8,,18209,9,0,8,1,47,,18210,7,0,8,1,8,,18211,9,0,8,1,7,,18212,7,0,8,1,8,,18213,9,0,8,1,7,,18214,7,0,8,1,8,,18215,9,0,8,1,7,,18216,7,0,8,1,8,,18217,9,0,8,1,47,,18218,7,0,8,1,8,,18219,9,0,8,1,7,,18220,7,0,8,1,8,,18221,9,0,8,1,7,,18222,7,0,8,1,8,,18223,9,0,8,1,7,,18224,7,0,8,1,8,,18225,9,0,8,1,47,,18226,7,0,8,1,8,,18227,9,0,8,1,7,,18228,7,0,8,1,8,,18229,9,0,8,1,7,,18230,7,0,8,1,8,,18231,9,0,8,1,7,,18232,7,0,8,1,8,,18233,9,0,8,1,47,,18234,7,0,8,1,8,,18235,9,0,8,1,7,,18236,7,0,8,1,8,,18237,9,0,8,1,7,,18238,7,0,8,1,8,,18239,9,0,8,1,7,,18240,7,0,8,1,8,,18241,9,0,8,1,47,,18242,7,0,8,1,8,,18243,9,0,8,1,7,,18244,7,0,8,1,8,,18245,9,0,8,1,7,,18246,7,0,8,1,8,,18247,9,0,8,1,7,,18248,7,0,8,1,8,,18249,9,0,8,1,47,,18250,7,0,8,1,8,,18251,9,0,8,1,7,,18252,7,0,8,1,8,,18253,9,0,8,1,7,,18254,7,0,8,1,8,,18255,9,0,8,1,7,,18256,7,0,8,1,8,,18257,9,0,8,1,47,,18258,7,0,8,1,8,,18259,9,0,8,1,7,,18260,7,0,8,1,8,,18261,9,0,8,1,7,,18262,7,0,8,1,8,,18263,9,0,8,1,7,,18264,7,0,8,1,8,,18265,9,0,8,1,47,,18266,7,0,8,1,8,,18267,9,0,8,1,7,,18268,7,0,8,1,8,,18269,9,0,8,1,7,,18270,7,0,8,1,8,,18271,9,0,8,1,7,,18272,7,0,8,1,8,,18273,9,0,8,1,47,,18274,7,0,8,1,8,,18275,9,0,8,1,7,,18276,7,0,8,1,8,,18277,9,0,8,1,7,,18278,7,0,8,1,8,,18279,9,0,8,1,7,,18280,7,0,8,1,8,,18281,9,0,8,1,47,,18282,7,0,8,1,8,,18283,9,0,8,1,7,,18284,7,0,8,1,8,,18285,9,0,8,1,7,,18286,7,0,8,1,8,,18287,9,0,8,1,7,,18288,7,0,8,1,8,,18289,9,0,8,1,47,,18290,7,0,8,1,8,,18291,9,0,8,1,7,,18292,7,0,8,1,8,,18293,9,0,8,1,7,,18294,7,0,8,1,8,,18295,9,0,8,1,7,,18296,7,0,8,1,8,,18297,9,0,8,1,47,,18298,7,0,8,1,8,,18299,9,0,8,1,7,,18300,7,0,8,1,8,,18301,9,0,8,1,7,,18302,7,0,8,1,8,,18303,9,0,8,1,7,,18304,7,0,8,1,8,,18305,9,0,8,1,47,,18306,7,0,8,1,8,,18307,9,0,8,1,7,,18308,7,0,8,1,8,,18309,9,0,8,1,7,,18310,7,0,8,1,8,,18311,9,0,8,1,7,,18312,7,0,8,1,8,,18313,9,0,8,1,47,,18314,7,0,8,1,8,,18315,9,0,8,1,7,,18316,7,0,8,1,8,,18317,9,0,8,1,7,,18318,7,0,8,1,8,,18319,9,0,8,1,7,,18320,7,0,8,1,8,,18321,9,0,8,1,47,,18322,7,0,8,1,8,,18323,9,0,8,1,7,,18324,7,0,8,1,8,,18325,9,0,8,1,7,,18326,7,0,8,1,8,,18327,9,0,8,1,7,,18328,7,0,8,1,8,,18329,9,0,8,1,47,,18330,7,0,8,1,8,,18331,9,0,8,1,7,,18332,7,0,8,1,8,,18333,9,0,8,1,7,,18334,7,0,8,1,8,,18335,9,0,8,1,7,,18336,7,0,8,1,8,,18337,9,0,8,1,5,,18338,7,0,8,1,44,,18339,3,0,8,1,6,,18340,9,0,8,1,7,,18341,7,0,8,1,7,,18342,9,0,8,1,5,,18343,7,0,8,1,4,,18344,3,0,8,1
400101,'16B156',553,,15254,9,0,8,1,48,,15255,7,0,8,1,7,,15256,9,0,8,1,8,,15257,7,0,8,1,7,,15258,9,0,8,1,8,,15259,7,0,8,1,7,,15260,9,0,8,1,8,,15261,7,0,8,1,7,,15262,9,0,8,1,48,,15263,7,0,8,1,7,,15264,9,0,8,1,8,,15265,7,0,8,1,7,,15266,9,0,8,1,8,,15267,7,0,8,1,7,,15268,9,0,8,1,8,,15269,7,0,8,1,7,,15270,9,0,8,1,48,,15271,7,0,8,1,7,,15272,9,0,8,1,8,,15273,7,0,8,1,7,,15274,9,0,8,1,8,,15275,7,0,8,1,7,,15276,9,0,8,1,8,,15277,7,0,8,1,7,,15278,9,0,8,1,48,,15279,7,0,8,1,7,,15280,9,0,8,1,8,,15281,7,0,8,1,7,,15282,9,0,8,1,8,,15283,7,0,8,1,7,,15284,9,0,8,1,8,,15285,7,0,8,1,7,,15286,9,0,8,1,48,,15287,7,0,8,1,7,,15288,9,0,8,1,8,,15289,7,0,8,1,7,,15290,9,0,8,1,8,,15291,7,0,8,1,7,,15292,9,0,8,1,8,,15293,7,0,8,1,7,,15294,9,0,8,1,48,,15295,7,0,8,1,7,,15296,9,0,8,1,8,,15297,7,0,8,1,7,,15298,9,0,8,1,8,,15299,7,0,8,1,7,,15300,9,0,8,1,8,,15301,7,0,8,1,7,,15302,9,0,8,1,48,,15303,7,0,8,1,7,,15304,9,0,8,1,8,,15305,7,0,8,1,7,,15306,9,0,8,1,8,,15307,7,0,8,1,7,,15308,9,0,8,1,8,,15309,7,0,8,1,7,,15310,9,0,8,1,48,,15311,7,0,8,1,7,,15312,9,0,8,1,8,,15313,7,0,8,1,7,,15314,9,0,8,1,8,,15315,7,0,8,1,7,,15316,9,0,8,1,8,,15317,7,0,8,1,7,,15318,9,0,8,1,48,,15319,7,0,8,1,7,,15320,9,0,8,1,8,,15321,7,0,8,1,7,,15322,9,0,8,1,8,,15323,7,0,8,1,7,,15324,9,0,8,1,8,,15325,7,0,8,1,7,,15326,9,0,8,1,48,,15327,7,0,8,1,7,,15328,9,0,8,1,8,,15329,7,0,8,1,7,,15330,9,0,8,1,8,,15331,7,0,8,1,7,,15332,9,0,8,1,8,,15333,7,0,8,1,7,,15334,9,0,8,1,48,,15335,7,0,8,1,7,,15336,9,0,8,1,8,,15337,7,0,8,1,7,,15338,9,0,8,1,8,,15339,7,0,8,1,7,,15340,9,0,8,1,8,,15341,7,0,8,1,7,,15342,9,0,8,1,48,,15343,7,0,8,1,7,,15344,9,0,8,1,8,,15345,7,0,8,1,7,,15346,9,0,8,1,8,,15347,7,0,8,1,7,,15348,9,0,8,1,8,,15349,7,0,8,1,7,,15350,9,0,8,1,48,,15351,7,0,8,1,7,,15352,9,0,8,1,8,,15353,7,0,8,1,7,,15354,9,0,8,1,8,,15355,7,0,8,1,7,,15356,9,0,8,1,8,,15357,7,0,8,1,7,,15358,9,0,8,1,48,,15359,7,0,8,1,7,,15360,9,0,8,1,8,,15361,7,0,8,1,7,,15362,9,0,8,1,8,,15363,7,0,8,1,7,,15364,9,0,8,1,8,,15365,7,0,8,1,7,,15366,9,0,8,1,48,,15367,7,0,8,1,7,,15368,9,0,8,1,8,,15369,7,0,8,1,7,,15370,9,0,8,1,8,,15371,7,0,8,1,7,,15372,9,0,8,1,8,,15373,7,0,8,1,7,,15374,9,0,8,1,48,,15375,7,0,8,1,7,,15376,9,0,8,1,8,,15377,7,0,8,1,7,,15378,9,0,8,1,8,,15379,7,0,8,1,7,,15380,9,0,8,1,8,,15381,7,0,8,1,7,,15382,9,0,8,1,48,,15383,7,0,8,1,7,,15384,9,0,8,1,8,,15385,7,0,8,1,7,,15386,9,0,8,1,8,,15387,7,0,8,1,7,,15388,9,0,8,1,8,,15389,7,0,8,1,7,,15390,9,0,8,1,48,,15391,7,0,8,1,7,,15392,9,0,8,1,8,,15393,7,0,8,1,7,,15394,9,0,8,1,8,,15395,7,0,8,1,7,,15396,9,0,8,1,8,,15397,7,0,8,1,7,,15398,9,0,8,1,48,,15399,7,0,8,1,7,,15400,9,0,8,1,8,,15401,7,0,8,1,7,,15402,9,0,8,1,5,,15403,7,0,8,1,4,,15404,3,0,8,1,6,,15405,9,0,8,1,7,,15406,7,0,8,1,7,,15407,9,0,8,1,5,,15408,7,0,8,1,44,,15409,3,0,8,1
400101,'16B160',553,,15413,9,0,8,1,48,,15414,7,0,8,1,7,,15415,9,0,8,1,8,,15416,7,0,8,1,7,,15417,9,0,8,1,8,,15418,7,0,8,1,7,,15419,9,0,8,1,8,,15420,7,0,8,1,7,,15421,9,0,8,1,48,,15422,7,0,8,1,7,,15423,9,0,8,1,8,,15424,7,0,8,1,7,,15425,9,0,8,1,8,,15426,7,0,8,1,7,,15427,9,0,8,1,8,,15428,7,0,8,1,7,,15429,9,0,8,1,48,,15430,7,0,8,1,7,,15431,9,0,8,1,8,,15432,7,0,8,1,7,,15433,9,0,8,1,8,,15434,7,0,8,1,7,,15435,9,0,8,1,8,,15436,7,0,8,1,7,,15437,9,0,8,1,48,,15438,7,0,8,1,7,,15439,9,0,8,1,8,,15440,7,0,8,1,7,,15441,9,0,8,1,8,,15442,7,0,8,1,7,,15443,9,0,8,1,8,,15444,7,0,8,1,7,,15445,9,0,8,1,48,,15446,7,0,8,1,7,,15447,9,0,8,1,8,,15448,7,0,8,1,7,,15449,9,0,8,1,8,,15450,7,0,8,1,7,,15451,9,0,8,1,8,,15452,7,0,8,1,7,,15453,9,0,8,1,48,,15454,7,0,8,1,7,,15455,9,0,8,1,8,,15456,7,0,8,1,7,,15457,9,0,8,1,8,,15458,7,0,8,1,7,,15459,9,0,8,1,8,,15460,7,0,8,1,7,,15461,9,0,8,1,48,,15462,7,0,8,1,7,,15463,9,0,8,1,8,,15464,7,0,8,1,7,,15465,9,0,8,1,8,,15466,7,0,8,1,7,,15467,9,0,8,1,8,,15468,7,0,8,1,7,,15469,9,0,8,1,48,,15470,7,0,8,1,7,,15471,9,0,8,1,8,,15472,7,0,8,1,7,,15473,9,0,8,1,8,,15474,7,0,8,1,7,,15475,9,0,8,1,8,,15476,7,0,8,1,7,,15477,9,0,8,1,48,,15478,7,0,8,1,7,,15479,9,0,8,1,8,,15480,7,0,8,1,7,,15481,9,0,8,1,8,,15482,7,0,8,1,7,,15483,9,0,8,1,8,,15484,7,0,8,1,7,,15485,9,0,8,1,48,,15486,7,0,8,1,7,,15487,9,0,8,1,8,,15488,7,0,8,1,7,,15489,9,0,8,1,8,,15490,7,0,8,1,7,,15491,9,0,8,1,8,,15492,7,0,8,1,7,,15493,9,0,8,1,48,,15494,7,0,8,1,7,,15495,9,0,8,1,8,,15496,7,0,8,1,7,,15497,9,0,8,1,8,,15498,7,0,8,1,7,,15499,9,0,8,1,8,,15500,7,0,8,1,7,,15501,9,0,8,1,48,,15502,7,0,8,1,7,,15503,9,0,8,1,8,,15504,7,0,8,1,7,,15505,9,0,8,1,8,,15506,7,0,8,1,7,,15507,9,0,8,1,8,,15508,7,0,8,1,7,,15509,9,0,8,1,48,,15510,7,0,8,1,7,,15511,9,0,8,1,8,,15512,7,0,8,1,7,,15513,9,0,8,1,8,,15514,7,0,8,1,7,,15515,9,0,8,1,8,,15516,7,0,8,1,7,,15517,9,0,8,1,48,,15518,7,0,8,1,7,,15519,9,0,8,1,8,,15520,7,0,8,1,7,,15521,9,0,8,1,8,,15522,7,0,8,1,7,,15523,9,0,8,1,8,,15524,7,0,8,1,7,,15525,9,0,8,1,48,,15526,7,0,8,1,7,,15527,9,0,8,1,8,,15528,7,0,8,1,7,,15529,9,0,8,1,8,,15530,7,0,8,1,7,,15531,9,0,8,1,8,,15532,7,0,8,1,7,,15533,9,0,8,1,48,,15534,7,0,8,1,7,,15535,9,0,8,1,8,,15536,7,0,8,1,7,,15537,9,0,8,1,8,,15538,7,0,8,1,7,,15539,9,0,8,1,8,,15540,7,0,8,1,7,,15541,9,0,8,1,48,,15542,7,0,8,1,7,,15543,9,0,8,1,8,,15544,7,0,8,1,7,,15545,9,0,8,1,8,,15546,7,0,8,1,7,,15547,9,0,8,1,8,,15548,7,0,8,1,7,,15549,9,0,8,1,48,,15550,7,0,8,1,7,,15551,9,0,8,1,8,,15552,7,0,8,1,7,,15553,9,0,8,1,8,,15554,7,0,8,1,7,,15555,9,0,8,1,8,,15556,7,0,8,1,7,,15557,9,0,8,1,48,,15558,7,0,8,1,7,,15559,9,0,8,1,8,,15560,7,0,8,1,7,,15561,9,0,8,1,8,,15562,7,0,8,1,7,,15563,9,0,8,1,8,,15564,7,0,8,1,7,,15565,9,0,8,1,5,,15566,7,0,8,1,44,,15567,3,0,8,1,6,,15568,9,0,8,1,6,,15569,7,0,8,1,8,,15570,9,0,8,1,5,,15571,7,0,8,1,4,,15572,3,0,8,1
400101,'32B220',553,,15576,9,0,8,1,48,,15577,7,0,8,1,7,,15578,9,0,8,1,8,,15579,7,0,8,1,7,,15580,9,0,8,1,8,,15581,7,0,8,1,7,,15582,9,0,8,1,8,,15583,7,0,8,1,7,,15584,9,0,8,1,6,,15585,7,0,8,1,43,,15586,9,0,8,1,4,,15587,3,0,8,1,3,,15588,9,0,8,1,4,,15589,7,0,8,1,3,,15590,9,0,8,1,4,,15591,3,0,8,1,3,,15592,9,0,8,1,4,,15593,7,0,8,1,3,,15594,9,0,8,1,4,,15595,3,0,8,1,3,,15596,9,0,8,1,4,,15597,7,0,8,1,3,,15598,9,0,8,1,4,,15599,3,0,8,1,3,,15600,9,0,8,1,4,,15601,7,0,8,1,3,,15602,9,0,8,1,44,,15603,3,0,8,1,3,,15604,9,0,8,1,4,,15605,7,0,8,1,3,,15606,9,0,8,1,4,,15607,3,0,8,1,3,,15608,9,0,8,1,4,,15609,7,0,8,1,3,,15610,9,0,8,1,4,,15611,3,0,8,1,3,,15612,9,0,8,1,4,,15613,7,0,8,1,3,,15614,9,0,8,1,4,,15615,3,0,8,1,3,,15616,9,0,8,1,4,,15617,7,0,8,1,3,,15618,9,0,8,1,4,,15619,3,0,8,1,43,,15620,9,0,8,1,4,,15621,7,0,8,1,3,,15622,9,0,8,1,4,,15623,3,0,8,1,3,,15624,9,0,8,1,4,,15625,7,0,8,1,3,,15626,9,0,8,1,4,,15627,3,0,8,1,3,,15628,9,0,8,1,4,,15629,7,0,8,1,3,,15630,9,0,8,1,4,,15631,3,0,8,1,3,,15632,9,0,8,1,4,,15633,7,0,8,1,3,,15634,9,0,8,1,4,,15635,3,0,8,1,3,,15636,9,0,8,1,44,,15637,7,0,8,1,3,,15638,9,0,8,1,4,,15639,3,0,8,1,4,,15640,7,0,8,1,3,,15641,9,0,8,1,7,,15642,7,0,8,1,7,,15643,9,0,8,1,7,,15644,7,0,8,1,8,,15645,9,0,8,1,7,,15646,7,0,8,1,8,,15647,9,0,8,1,47,,15648,7,0,8,1,8,,15649,9,0,8,1,7,,15650,7,0,8,1,8,,15651,9,0,8,1,7,,15652,7,0,8,1,8,,15653,9,0,8,1,7,,15654,7,0,8,1,8,,15655,9,0,8,1,47,,15656,7,0,8,1,8,,15657,9,0,8,1,7,,15658,7,0,8,1,8,,15659,9,0,8,1,7,,15660,7,0,8,1,8,,15661,9,0,8,1,7,,15662,7,0,8,1,8,,15663,9,0,8,1,47,,15664,7,0,8,1,8,,15665,9,0,8,1,7,,15666,7,0,8,1,8,,15667,9,0,8,1,7,,15668,7,0,8,1,8,,15669,9,0,8,1,7,,15670,7,0,8,1,8,,15671,9,0,8,1,47,,15672,7,0,8,1,8,,15673,9,0,8,1,7,,15674,7,0,8,1,8,,15675,9,0,8,1,7,,15676,7,0,8,1,8,,15677,9,0,8,1,7,,15678,7,0,8,1,8,,15679,9,0,8,1,47,,15680,7,0,8,1,7,,15681,9,0,8,1,3,,15682,7,0,8,1,4,,15683,9,0,8,1,4,,15684,3,0,8,1,3,,15685,9,0,8,1,4,,15686,7,0,8,1,3,,15687,9,0,8,1,4,,15688,3,0,8,1,3,,15689,9,0,8,1,4,,15690,7,0,8,1,3,,15691,9,0,8,1,4,,15692,3,0,8,1,3,,15693,9,0,8,1,4,,15694,7,0,8,1,43,,15695,9,0,8,1,4,,15696,3,0,8,1,3,,15697,9,0,8,1,4,,15698,7,0,8,1,3,,15699,9,0,8,1,4,,15700,3,0,8,1,3,,15701,9,0,8,1,4,,15702,7,0,8,1,3,,15703,9,0,8,1,4,,15704,3,0,8,1,3,,15705,9,0,8,1,4,,15706,7,0,8,1,3,,15707,9,0,8,1,4,,15708,3,0,8,1,3,,15709,9,0,8,1,4,,15710,7,0,8,1,3,,15711,9,0,8,1,44,,15712,3,0,8,1,3,,15713,9,0,8,1,4,,15714,7,0,8,1,3,,15715,9,0,8,1,4,,15716,3,0,8,1,3,,15717,9,0,8,1,4,,15718,7,0,8,1,3,,15719,9,0,8,1,4,,15720,3,0,8,1,3,,15721,9,0,8,1,4,,15722,7,0,8,1,3,,15723,9,0,8,1,4,,15724,3,0,8,1,3,,15725,9,0,8,1,4,,15726,7,0,8,1,3,,15727,9,0,8,1,4,,15728,3,0,8,1,43,,15729,9,0,8,1,4,,15730,7,0,8,1,3,,15731,9,0,8,1,4,,15732,3,0,8,1,3,,15733,9,0,8,1,4,,15734,7,0,8,1,3,,15735,9,0,8,1,4,,15736,3,0,8,1,3,,15737,9,0,8,1,4,,15738,7,0,8,1,3,,15739,9,0,8,1,4,,15740,3,0,8,1,3,,15741,9,0,8,1,4,,15742,7,0,8,1,5,,15743,9,0,8,1,5,,15744,7,0,8,1,44,,15745,9,0,8,1,5,,15746,7,0,8,1,4,,15747,9,0,8,1,5,,15748,9,0,8,1,6,,15749,7,0,8,1,6,,15750,9,0,8,1,8,,15751,7,0,8,1,7,,15752,9,0,8,1,8,,15753,7,0,8,1,7,,15754,9,0,8,1,48,,15755,7,0,8,1,7,,15756,9,0,8,1,8,,15757,7,0,8,1,7,,15758,9,0,8,1,8,,15759,7,0,8,1,7,,15760,9,0,8,1,8,,15761,7,0,8,1,7,,15762,9,0,8,1,48,,15763,7,0,8,1,7,,15764,9,0,8,1,8,,15765,7,0,8,1,7,,15766,9,0,8,1,8,,15767,7,0,8,1,7,,15768,9,0,8,1,8,,15769,7,0,8,1,7,,15770,9,0,8,1,48,,15771,7,0,8,1,7,,15772,9,0,8,1,8,,15773,7,0,8,1,7,,15774,9,0,8,1,8,,15775,7,0,8,1,7,,15776,9,0,8,1,8,,15777,7,0,8,1,7,,15778,9,0,8,1,48,,15779,7,0,8,1,7,,15780,9,0,8,1,8,,15781,7,0,8,1,7,,15782,9,0,8,1,8,,15783,7,0,8,1,7,,15784,9,0,8,1,8,,15785,7,0,8,1,7,,15786,9,0,8,1,48,,15787,7,0,8,1,7,,15788,9,0,8,1,8,,15789,7,0,8,1,7,,15790,9,0,8,1,8,,15791,7,0,8,1,7,,15792,9,0,8,1,8,,15793,7,0,8,1,5,,15794,9,0,8,1,4,,15795,7,0,8,1
