400100,'ES-OuvertureTardive-RDS-16A140',822,,17770,14,0,9,1,15,,17772,14,0,9,1,15,,17774,14,0,9,1,55,,17776,14,0,9,1,15,,17778,14,0,9,1,15,,17780,14,0,9,1,15,,17782,14,0,9,1,55,,17784,14,0,9,1,15,,17786,14,0,9,1,15,,17788,14,0,9,1,15,,17790,14,0,9,1,55,,17792,14,0,9,1,15,,17794,14,0,9,1,15,,17796,14,0,9,1,15,,17798,14,0,9,1,55,,17800,14,0,9,1,15,,17802,14,0,9,1,15,,17804,14,0,9,1,15,,17806,14,0,9,1,55,,17808,14,0,9,1,15,,17810,14,0,9,1,15,,17812,14,0,9,1,15,,17814,14,0,9,1,55,,17816,14,0,9,1,15,,17818,14,0,9,1,15,,17820,14,0,9,1,15,,17822,14,0,9,1,55,,17824,14,0,9,1,15,,17826,14,0,9,1,15,,17828,14,0,9,1,15,,17830,14,0,9,1,55,,17832,14,0,9,1,15,,17834,14,0,9,1,15,,17836,14,0,9,1,15,,17838,14,0,9,1,55,,17840,14,0,9,1,15,,17842,14,0,9,1,15,,17844,14,0,9,1,15,,17846,14,0,9,1,55,,17848,14,0,9,1,15,,17850,14,0,9,1,15,,17852,14,0,9,1,15,,17854,14,0,9,1,55,,17856,14,0,9,1,15,,17858,14,0,9,1,15,,17860,14,0,9,1,15,,17862,14,0,9,1,55,,17864,14,0,9,1,15,,17866,14,0,9,1,15,,17868,14,0,9,1,15,,17870,14,0,9,1,55,,17872,14,0,9,1,15,,17874,14,0,9,1,15,,17876,14,0,9,1,15,,17878,14,0,9,1,55,,17880,14,0,9,1,15,,17882,14,0,9,1,15,,17884,14,0,9,1,15,,17886,14,0,9,1,55,,17888,14,0,9,1,15,,17890,14,0,9,1,15,,17892,14,0,9,1,15,,17894,14,0,9,1,55,,17896,14,0,9,1,15,,17898,14,0,9,1,15,,17900,14,0,9,1,15,,17902,14,0,9,1,54,,17904,14,0,9,1,22,,17907,14,0,9,1
400100,'ES-OuvertureTardive-RDS-16A144',822,,17910,14,0,9,1,15,,17912,14,0,9,1,15,,17914,14,0,9,1,55,,17916,14,0,9,1,15,,17918,14,0,9,1,15,,17920,14,0,9,1,15,,17922,14,0,9,1,55,,17924,14,0,9,1,15,,17926,14,0,9,1,15,,17928,14,0,9,1,15,,17930,14,0,9,1,55,,17932,14,0,9,1,15,,17934,14,0,9,1,15,,17936,14,0,9,1,15,,17938,14,0,9,1,55,,17940,14,0,9,1,15,,17942,14,0,9,1,15,,17944,14,0,9,1,15,,17946,14,0,9,1,55,,17948,14,0,9,1,15,,17950,14,0,9,1,15,,17952,14,0,9,1,15,,17954,14,0,9,1,55,,17956,14,0,9,1,15,,17958,14,0,9,1,15,,17960,14,0,9,1,15,,17962,14,0,9,1,55,,17964,14,0,9,1,15,,17966,14,0,9,1,15,,17968,14,0,9,1,15,,17970,14,0,9,1,55,,17972,14,0,9,1,15,,17974,14,0,9,1,15,,17976,14,0,9,1,15,,17978,14,0,9,1,55,,17980,14,0,9,1,15,,17982,14,0,9,1,15,,17984,14,0,9,1,15,,17986,14,0,9,1,55,,17988,14,0,9,1,15,,17990,14,0,9,1,15,,17992,14,0,9,1,15,,17994,14,0,9,1,55,,17996,14,0,9,1,15,,17998,14,0,9,1,15,,18000,14,0,9,1,15,,18002,14,0,9,1,55,,18004,14,0,9,1,15,,18006,14,0,9,1,15,,18008,14,0,9,1,15,,18010,14,0,9,1,55,,18012,14,0,9,1,15,,18014,14,0,9,1,15,,18016,14,0,9,1,15,,18018,14,0,9,1,55,,18020,14,0,9,1,15,,18022,14,0,9,1,15,,18024,14,0,9,1,15,,18026,14,0,9,1,55,,18028,14,0,9,1,15,,18030,14,0,9,1,15,,18032,14,0,9,1,15,,18034,14,0,9,1,55,,18036,14,0,9,1,15,,18038,14,0,9,1,15,,18040,14,0,9,1,15,,18042,14,0,9,1,55,,18044,14,0,9,1,15,,18046,14,0,9,1,14,,18048,14,0,9,1,22,,18051,14,0,9,1
400100,'16B156',622,,14716,14,0,9,1,15,,14718,14,0,9,1,15,,14720,14,0,9,1,55,,14722,14,0,9,1,15,,14724,14,0,9,1,15,,14726,14,0,9,1,15,,14728,14,0,9,1,55,,14730,14,0,9,1,15,,14732,14,0,9,1,15,,14734,14,0,9,1,15,,14736,14,0,9,1,55,,14738,14,0,9,1,15,,14740,14,0,9,1,15,,14742,14,0,9,1,15,,14744,14,0,9,1,55,,14746,14,0,9,1,15,,14748,14,0,9,1,15,,14750,14,0,9,1,15,,14752,14,0,9,1,55,,14754,14,0,9,1,15,,14756,14,0,9,1,15,,14758,14,0,9,1,15,,14760,14,0,9,1,55,,14762,14,0,9,1,15,,14764,14,0,9,1,15,,14766,14,0,9,1,15,,14768,14,0,9,1,55,,14770,14,0,9,1,15,,14772,14,0,9,1,15,,14774,14,0,9,1,15,,14776,14,0,9,1,55,,14778,14,0,9,1,15,,14780,14,0,9,1,15,,14782,14,0,9,1,15,,14784,14,0,9,1,55,,14786,14,0,9,1,15,,14788,14,0,9,1,15,,14790,14,0,9,1,15,,14792,14,0,9,1,55,,14794,14,0,9,1,15,,14796,14,0,9,1,15,,14798,14,0,9,1,15,,14800,14,0,9,1,55,,14802,14,0,9,1,15,,14804,14,0,9,1,15,,14806,14,0,9,1,15,,14808,14,0,9,1,55,,14810,14,0,9,1,15,,14812,14,0,9,1,15,,14814,14,0,9,1,15,,14816,14,0,9,1,55,,14818,14,0,9,1,15,,14820,14,0,9,1,15,,14822,14,0,9,1,15,,14824,14,0,9,1,55,,14826,14,0,9,1,15,,14828,14,0,9,1,15,,14830,14,0,9,1,15,,14832,14,0,9,1,55,,14834,14,0,9,1,15,,14836,14,0,9,1,15,,14838,14,0,9,1,15,,14840,14,0,9,1,55,,14842,14,0,9,1,15,,14844,14,0,9,1,15,,14846,14,0,9,1,15,,14848,14,0,9,1,55,,14850,14,0,9,1,15,,14852,14,0,9,1,15,,14854,14,0,9,1,15,,14856,14,0,9,1,55,,14858,14,0,9,1,14,,14860,14,0,9,1,16,,14862,14,0,9,1,15,,14864,14,0,9,1,54,,14866,14,0,9,1,15,,14868,14,0,9,1
400100,'16B160',622,,14872,14,0,9,1,15,,14874,14,0,9,1,15,,14876,14,0,9,1,55,,14878,14,0,9,1,15,,14880,14,0,9,1,15,,14882,14,0,9,1,15,,14884,14,0,9,1,55,,14886,14,0,9,1,15,,14888,14,0,9,1,15,,14890,14,0,9,1,15,,14892,14,0,9,1,55,,14894,14,0,9,1,15,,14896,14,0,9,1,15,,14898,14,0,9,1,15,,14900,14,0,9,1,55,,14902,14,0,9,1,15,,14904,14,0,9,1,15,,14906,14,0,9,1,15,,14908,14,0,9,1,55,,14910,14,0,9,1,15,,14912,14,0,9,1,15,,14914,14,0,9,1,15,,14916,14,0,9,1,55,,14918,14,0,9,1,15,,14920,14,0,9,1,15,,14922,14,0,9,1,15,,14924,14,0,9,1,55,,14926,14,0,9,1,15,,14928,14,0,9,1,15,,14930,14,0,9,1,15,,14932,14,0,9,1,55,,14934,14,0,9,1,15,,14936,14,0,9,1,15,,14938,14,0,9,1,15,,14940,14,0,9,1,55,,14942,14,0,9,1,15,,14944,14,0,9,1,15,,14946,14,0,9,1,15,,14948,14,0,9,1,55,,14950,14,0,9,1,15,,14952,14,0,9,1,15,,14954,14,0,9,1,15,,14956,14,0,9,1,55,,14958,14,0,9,1,15,,14960,14,0,9,1,15,,14962,14,0,9,1,15,,14964,14,0,9,1,55,,14966,14,0,9,1,15,,14968,14,0,9,1,15,,14970,14,0,9,1,15,,14972,14,0,9,1,55,,14974,14,0,9,1,15,,14976,14,0,9,1,15,,14978,14,0,9,1,15,,14980,14,0,9,1,55,,14982,14,0,9,1,15,,14984,14,0,9,1,15,,14986,14,0,9,1,15,,14988,14,0,9,1,55,,14990,14,0,9,1,15,,14992,14,0,9,1,15,,14994,14,0,9,1,15,,14996,14,0,9,1,55,,14998,14,0,9,1,15,,15000,14,0,9,1,15,,15002,14,0,9,1,15,,15004,14,0,9,1,55,,15006,14,0,9,1,15,,15008,14,0,9,1,15,,15010,14,0,9,1,15,,15012,14,0,9,1,55,,15014,14,0,9,1,15,,15016,14,0,9,1,15,,15018,14,0,9,1,14,,15020,14,0,9,1,56,,15022,14,0,9,1,15,,15024,14,0,9,1,14,,15026,14,0,9,1,15,,15028,14,0,9,1
400100,'32B220',615,,15031,14,0,9,1,15,,15033,14,0,9,1,15,,15035,14,0,9,1,14,,15037,14,0,9,1,52,,15040,14,0,9,1,14,,15044,14,0,9,1,14,,15048,14,0,9,1,14,,15052,14,0,9,1,54,,15056,14,0,9,1,14,,15060,14,0,9,1,14,,15064,14,0,9,1,14,,15068,14,0,9,1,54,,15072,14,0,9,1,14,,15076,14,0,9,1,14,,15080,14,0,9,1,14,,15084,14,0,9,1,14,,15088,14,0,9,1,54,,15092,14,0,9,1,11,,15094,14,0,9,1,15,,15096,14,0,9,1,15,,15098,14,0,9,1,55,,15100,14,0,9,1,15,,15102,14,0,9,1,15,,15104,14,0,9,1,15,,15106,14,0,9,1,55,,15108,14,0,9,1,15,,15110,14,0,9,1,15,,15112,14,0,9,1,15,,15114,14,0,9,1,55,,15116,14,0,9,1,15,,15118,14,0,9,1,15,,15120,14,0,9,1,15,,15122,14,0,9,1,55,,15124,14,0,9,1,15,,15126,14,0,9,1,15,,15128,14,0,9,1,15,,15130,14,0,9,1,53,,15132,14,0,9,1,7,,15134,14,0,9,1,15,,15138,14,0,9,1,14,,15142,14,0,9,1,14,,15146,14,0,9,1,54,,15150,14,0,9,1,14,,15154,14,0,9,1,14,,15158,14,0,9,1,14,,15162,14,0,9,1,54,,15166,14,0,9,1,14,,15170,14,0,9,1,14,,15174,14,0,9,1,14,,15178,14,0,9,1,54,,15182,14,0,9,1,14,,15186,14,0,9,1,14,,15190,14,0,9,1,14,,15194,14,0,9,1,8,,15196,14,0,9,1,55,,15198,14,0,9,1,15,,15200,14,0,9,1,15,,15202,14,0,9,1,15,,15204,14,0,9,1,55,,15206,14,0,9,1,15,,15208,14,0,9,1,15,,15210,14,0,9,1,13,,15212,14,0,9,1,55,,15214,14,0,9,1,15,,15216,14,0,9,1,15,,15218,14,0,9,1,15,,15220,14,0,9,1,55,,15222,14,0,9,1,15,,15224,14,0,9,1,15,,15226,14,0,9,1,15,,15228,14,0,9,1,55,,15230,14,0,9,1,15,,15232,14,0,9,1,15,,15234,14,0,9,1,15,,15236,14,0,9,1,55,,15238,14,0,9,1,15,,15240,14,0,9,1,15,,15242,14,0,9,1,15,,15244,14,0,9,1,55,,15246,14,0,9,1,15,,15248,14,0,9,1
400101,'ES-OuvertureTardive-RDS-16A140',747,,18058,4,0,8,1,56,,18060,4,0,8,1,15,,18062,4,0,8,1,15,,18064,4,0,8,1,15,,18066,4,0,8,1,55,,18068,4,0,8,1,15,,18070,4,0,8,1,15,,18072,4,0,8,1,15,,18074,4,0,8,1,55,,18076,4,0,8,1,15,,18078,4,0,8,1,15,,18080,4,0,8,1,15,,18082,4,0,8,1,55,,18084,4,0,8,1,15,,18086,4,0,8,1,15,,18088,4,0,8,1,15,,18090,4,0,8,1,55,,18092,4,0,8,1,15,,18094,4,0,8,1,15,,18096,4,0,8,1,15,,18098,4,0,8,1,55,,18100,4,0,8,1,15,,18102,4,0,8,1,15,,18104,4,0,8,1,15,,18106,4,0,8,1,55,,18108,4,0,8,1,15,,18110,4,0,8,1,15,,18112,4,0,8,1,15,,18114,4,0,8,1,55,,18116,4,0,8,1,15,,18118,4,0,8,1,15,,18120,4,0,8,1,15,,18122,4,0,8,1,55,,18124,4,0,8,1,15,,18126,4,0,8,1,15,,18128,4,0,8,1,15,,18130,4,0,8,1,55,,18132,4,0,8,1,15,,18134,4,0,8,1,15,,18136,4,0,8,1,15,,18138,4,0,8,1,55,,18140,4,0,8,1,15,,18142,4,0,8,1,15,,18144,4,0,8,1,15,,18146,4,0,8,1,55,,18148,4,0,8,1,15,,18150,4,0,8,1,15,,18152,4,0,8,1,15,,18154,4,0,8,1,55,,18156,4,0,8,1,15,,18158,4,0,8,1,15,,18160,4,0,8,1,15,,18162,4,0,8,1,55,,18164,4,0,8,1,15,,18166,4,0,8,1,15,,18168,4,0,8,1,15,,18170,4,0,8,1,55,,18172,4,0,8,1,15,,18174,4,0,8,1,15,,18176,4,0,8,1,15,,18178,4,0,8,1,55,,18180,4,0,8,1,15,,18182,4,0,8,1,15,,18184,4,0,8,1,15,,18186,4,0,8,1,55,,18188,4,0,8,1,12,,18190,4,0,8,1,17,,18193,4,0,8,1,12,,18195,4,0,8,1
400101,'ES-OuvertureTardive-RDS-16A144',747,,18202,4,0,8,1,55,,18204,4,0,8,1,15,,18206,4,0,8,1,15,,18208,4,0,8,1,15,,18210,4,0,8,1,55,,18212,4,0,8,1,15,,18214,4,0,8,1,15,,18216,4,0,8,1,15,,18218,4,0,8,1,55,,18220,4,0,8,1,15,,18222,4,0,8,1,15,,18224,4,0,8,1,15,,18226,4,0,8,1,55,,18228,4,0,8,1,15,,18230,4,0,8,1,15,,18232,4,0,8,1,15,,18234,4,0,8,1,55,,18236,4,0,8,1,15,,18238,4,0,8,1,15,,18240,4,0,8,1,15,,18242,4,0,8,1,55,,18244,4,0,8,1,15,,18246,4,0,8,1,15,,18248,4,0,8,1,15,,18250,4,0,8,1,55,,18252,4,0,8,1,15,,18254,4,0,8,1,15,,18256,4,0,8,1,15,,18258,4,0,8,1,55,,18260,4,0,8,1,15,,18262,4,0,8,1,15,,18264,4,0,8,1,15,,18266,4,0,8,1,55,,18268,4,0,8,1,15,,18270,4,0,8,1,15,,18272,4,0,8,1,15,,18274,4,0,8,1,55,,18276,4,0,8,1,15,,18278,4,0,8,1,15,,18280,4,0,8,1,15,,18282,4,0,8,1,55,,18284,4,0,8,1,15,,18286,4,0,8,1,15,,18288,4,0,8,1,15,,18290,4,0,8,1,55,,18292,4,0,8,1,15,,18294,4,0,8,1,15,,18296,4,0,8,1,15,,18298,4,0,8,1,55,,18300,4,0,8,1,15,,18302,4,0,8,1,15,,18304,4,0,8,1,15,,18306,4,0,8,1,55,,18308,4,0,8,1,15,,18310,4,0,8,1,15,,18312,4,0,8,1,15,,18314,4,0,8,1,55,,18316,4,0,8,1,15,,18318,4,0,8,1,15,,18320,4,0,8,1,15,,18322,4,0,8,1,55,,18324,4,0,8,1,15,,18326,4,0,8,1,15,,18328,4,0,8,1,15,,18330,4,0,8,1,55,,18332,4,0,8,1,15,,18334,4,0,8,1,15,,18336,4,0,8,1,13,,18338,4,0,8,1,57,,18341,4,0,8,1,12,,18343,4,0,8,1
400101,'16B156',547,,15255,4,0,8,1,55,,15257,4,0,8,1,15,,15259,4,0,8,1,15,,15261,4,0,8,1,15,,15263,4,0,8,1,55,,15265,4,0,8,1,15,,15267,4,0,8,1,15,,15269,4,0,8,1,15,,15271,4,0,8,1,55,,15273,4,0,8,1,15,,15275,4,0,8,1,15,,15277,4,0,8,1,15,,15279,4,0,8,1,55,,15281,4,0,8,1,15,,15283,4,0,8,1,15,,15285,4,0,8,1,15,,15287,4,0,8,1,55,,15289,4,0,8,1,15,,15291,4,0,8,1,15,,15293,4,0,8,1,15,,15295,4,0,8,1,55,,15297,4,0,8,1,15,,15299,4,0,8,1,15,,15301,4,0,8,1,15,,15303,4,0,8,1,55,,15305,4,0,8,1,15,,15307,4,0,8,1,15,,15309,4,0,8,1,15,,15311,4,0,8,1,55,,15313,4,0,8,1,15,,15315,4,0,8,1,15,,15317,4,0,8,1,15,,15319,4,0,8,1,55,,15321,4,0,8,1,15,,15323,4,0,8,1,15,,15325,4,0,8,1,15,,15327,4,0,8,1,55,,15329,4,0,8,1,15,,15331,4,0,8,1,15,,15333,4,0,8,1,15,,15335,4,0,8,1,55,,15337,4,0,8,1,15,,15339,4,0,8,1,15,,15341,4,0,8,1,15,,15343,4,0,8,1,55,,15345,4,0,8,1,15,,15347,4,0,8,1,15,,15349,4,0,8,1,15,,15351,4,0,8,1,55,,15353,4,0,8,1,15,,15355,4,0,8,1,15,,15357,4,0,8,1,15,,15359,4,0,8,1,55,,15361,4,0,8,1,15,,15363,4,0,8,1,15,,15365,4,0,8,1,15,,15367,4,0,8,1,55,,15369,4,0,8,1,15,,15371,4,0,8,1,15,,15373,4,0,8,1,15,,15375,4,0,8,1,55,,15377,4,0,8,1,15,,15379,4,0,8,1,15,,15381,4,0,8,1,15,,15383,4,0,8,1,55,,15385,4,0,8,1,15,,15387,4,0,8,1,15,,15389,4,0,8,1,15,,15391,4,0,8,1,55,,15393,4,0,8,1,15,,15395,4,0,8,1,15,,15397,4,0,8,1,15,,15399,4,0,8,1,55,,15401,4,0,8,1,13,,15403,4,0,8,1,16,,15406,4,0,8,1,13,,15408,4,0,8,1
400101,'16B160',547,,15414,4,0,8,1,55,,15416,4,0,8,1,15,,15418,4,0,8,1,15,,15420,4,0,8,1,15,,15422,4,0,8,1,55,,15424,4,0,8,1,15,,15426,4,0,8,1,15,,15428,4,0,8,1,15,,15430,4,0,8,1,55,,15432,4,0,8,1,15,,15434,4,0,8,1,15,,15436,4,0,8,1,15,,15438,4,0,8,1,55,,15440,4,0,8,1,15,,15442,4,0,8,1,15,,15444,4,0,8,1,15,,15446,4,0,8,1,55,,15448,4,0,8,1,15,,15450,4,0,8,1,15,,15452,4,0,8,1,15,,15454,4,0,8,1,55,,15456,4,0,8,1,15,,15458,4,0,8,1,15,,15460,4,0,8,1,15,,15462,4,0,8,1,55,,15464,4,0,8,1,15,,15466,4,0,8,1,15,,15468,4,0,8,1,15,,15470,4,0,8,1,55,,15472,4,0,8,1,15,,15474,4,0,8,1,15,,15476,4,0,8,1,15,,15478,4,0,8,1,55,,15480,4,0,8,1,15,,15482,4,0,8,1,15,,15484,4,0,8,1,15,,15486,4,0,8,1,55,,15488,4,0,8,1,15,,15490,4,0,8,1,15,,15492,4,0,8,1,15,,15494,4,0,8,1,55,,15496,4,0,8,1,15,,15498,4,0,8,1,15,,15500,4,0,8,1,15,,15502,4,0,8,1,55,,15504,4,0,8,1,15,,15506,4,0,8,1,15,,15508,4,0,8,1,15,,15510,4,0,8,1,55,,15512,4,0,8,1,15,,15514,4,0,8,1,15,,15516,4,0,8,1,15,,15518,4,0,8,1,55,,15520,4,0,8,1,15,,15522,4,0,8,1,15,,15524,4,0,8,1,15,,15526,4,0,8,1,55,,15528,4,0,8,1,15,,15530,4,0,8,1,15,,15532,4,0,8,1,15,,15534,4,0,8,1,55,,15536,4,0,8,1,15,,15538,4,0,8,1,15,,15540,4,0,8,1,15,,15542,4,0,8,1,55,,15544,4,0,8,1,15,,15546,4,0,8,1,15,,15548,4,0,8,1,15,,15550,4,0,8,1,55,,15552,4,0,8,1,15,,15554,4,0,8,1,15,,15556,4,0,8,1,15,,15558,4,0,8,1,55,,15560,4,0,8,1,15,,15562,4,0,8,1,15,,15564,4,0,8,1,13,,15566,4,0,8,1,56,,15569,4,0,8,1,13,,15571,4,0,8,1
400101,'32B220',547,,15577,4,0,8,1,55,,15579,4,0,8,1,15,,15581,4,0,8,1,15,,15583,4,0,8,1,13,,15585,4,0,8,1,14,,15589,4,0,8,1,54,,15593,4,0,8,1,14,,15597,4,0,8,1,14,,15601,4,0,8,1,14,,15605,4,0,8,1,54,,15609,4,0,8,1,14,,15613,4,0,8,1,14,,15617,4,0,8,1,14,,15621,4,0,8,1,54,,15625,4,0,8,1,14,,15629,4,0,8,1,14,,15633,4,0,8,1,15,,15637,4,0,8,1,10,,15640,4,0,8,1,51,,15642,4,0,8,1,14,,15644,4,0,8,1,15,,15646,4,0,8,1,15,,15648,4,0,8,1,55,,15650,4,0,8,1,15,,15652,4,0,8,1,15,,15654,4,0,8,1,15,,15656,4,0,8,1,55,,15658,4,0,8,1,15,,15660,4,0,8,1,15,,15662,4,0,8,1,15,,15664,4,0,8,1,55,,15666,4,0,8,1,15,,15668,4,0,8,1,15,,15670,4,0,8,1,15,,15672,4,0,8,1,55,,15674,4,0,8,1,15,,15676,4,0,8,1,15,,15678,4,0,8,1,15,,15680,4,0,8,1,50,,15682,4,0,8,1,15,,15686,4,0,8,1,14,,15690,4,0,8,1,14,,15694,4,0,8,1,54,40,15698,4,0,8,1,14,,15702,4,0,8,1,14,,15706,4,0,8,1,14,,15710,4,0,8,1,14,,15714,4,0,8,1,54,,15718,4,0,8,1,14,,15722,4,0,8,1,14,,15726,4,0,8,1,14,,15730,4,0,8,1,54,,15734,4,0,8,1,14,,15738,4,0,8,1,14,,15742,4,0,8,1,10,,15744,4,0,8,1,9,,15746,4,0,8,1,55,,15749,4,0,8,1,14,,15751,4,0,8,1,15,,15753,4,0,8,1,15,,15755,4,0,8,1,55,,15757,4,0,8,1,15,,15759,4,0,8,1,15,,15761,4,0,8,1,15,,15763,4,0,8,1,55,,15765,4,0,8,1,15,,15767,4,0,8,1,15,,15769,4,0,8,1,15,,15771,4,0,8,1,55,,15773,4,0,8,1,15,,15775,4,0,8,1,15,,15777,4,0,8,1,15,,15779,4,0,8,1,55,,15781,4,0,8,1,15,,15783,4,0,8,1,15,,15785,4,0,8,1,15,,15787,4,0,8,1,55,,15789,4,0,8,1,15,,15791,4,0,8,1,15,,15793,4,0,8,1,9,,15795,4,0,8,1
