400100,'ES-OuvertureTardive-RDS-16A140',811,,17769,14,0,7,1,15,,17771,14,0,7,1,15,,17773,14,0,7,1,15,,17775,14,0,7,1,55,,17777,14,0,7,1,15,,17779,14,0,7,1,15,,17781,14,0,7,1,15,,17783,14,0,7,1,55,,17785,14,0,7,1,15,,17787,14,0,7,1,15,,17789,14,0,7,1,15,,17791,14,0,7,1,55,,17793,14,0,7,1,15,,17795,14,0,7,1,15,,17797,14,0,7,1,15,,17799,14,0,7,1,55,,17801,14,0,7,1,15,,17803,14,0,7,1,15,,17805,14,0,7,1,15,,17807,14,0,7,1,55,,17809,14,0,7,1,15,,17811,14,0,7,1,15,,17813,14,0,7,1,15,,17815,14,0,7,1,55,,17817,14,0,7,1,15,,17819,14,0,7,1,15,,17821,14,0,7,1,15,,17823,14,0,7,1,55,,17825,14,0,7,1,15,,17827,14,0,7,1,15,,17829,14,0,7,1,15,,17831,14,0,7,1,55,,17833,14,0,7,1,15,,17835,14,0,7,1,15,,17837,14,0,7,1,15,,17839,14,0,7,1,55,,17841,14,0,7,1,15,,17843,14,0,7,1,15,,17845,14,0,7,1,15,,17847,14,0,7,1,55,,17849,14,0,7,1,15,,17851,14,0,7,1,15,,17853,14,0,7,1,15,,17855,14,0,7,1,55,,17857,14,0,7,1,15,,17859,14,0,7,1,15,,17861,14,0,7,1,15,,17863,14,0,7,1,55,,17865,14,0,7,1,15,,17867,14,0,7,1,15,,17869,14,0,7,1,15,,17871,14,0,7,1,55,,17873,14,0,7,1,15,,17875,14,0,7,1,15,,17877,14,0,7,1,15,,17879,14,0,7,1,55,,17881,14,0,7,1,15,,17883,14,0,7,1,15,,17885,14,0,7,1,15,,17887,14,0,7,1,55,,17889,14,0,7,1,15,,17891,14,0,7,1,15,,17893,14,0,7,1,15,,17895,14,0,7,1,55,,17897,14,0,7,1,30,,17901,14,0,7,1,69,,17905,14,0,7,1,8,,17906,14,0,7,1,15,,17908,14,0,7,1
400100,'ES-OuvertureTardive-RDS-16A144',811,,17909,14,0,7,1,15,,17911,14,0,7,1,15,,17913,14,0,7,1,15,,17915,14,0,7,1,55,,17917,14,0,7,1,15,,17919,14,0,7,1,15,,17921,14,0,7,1,15,,17923,14,0,7,1,55,,17925,14,0,7,1,15,,17927,14,0,7,1,15,,17929,14,0,7,1,15,,17931,14,0,7,1,55,,17933,14,0,7,1,15,,17935,14,0,7,1,15,,17937,14,0,7,1,15,,17939,14,0,7,1,55,,17941,14,0,7,1,15,,17943,14,0,7,1,15,,17945,14,0,7,1,15,,17947,14,0,7,1,55,,17949,14,0,7,1,15,,17951,14,0,7,1,15,,17953,14,0,7,1,15,,17955,14,0,7,1,55,,17957,14,0,7,1,15,,17959,14,0,7,1,15,,17961,14,0,7,1,15,,17963,14,0,7,1,55,,17965,14,0,7,1,15,,17967,14,0,7,1,15,,17969,14,0,7,1,15,,17971,14,0,7,1,55,,17973,14,0,7,1,15,,17975,14,0,7,1,15,,17977,14,0,7,1,15,,17979,14,0,7,1,55,,17981,14,0,7,1,15,,17983,14,0,7,1,15,,17985,14,0,7,1,15,,17987,14,0,7,1,55,,17989,14,0,7,1,15,,17991,14,0,7,1,15,,17993,14,0,7,1,15,,17995,14,0,7,1,55,,17997,14,0,7,1,15,,17999,14,0,7,1,15,,18001,14,0,7,1,15,,18003,14,0,7,1,55,,18005,14,0,7,1,15,,18007,14,0,7,1,15,,18009,14,0,7,1,15,,18011,14,0,7,1,55,,18013,14,0,7,1,15,,18015,14,0,7,1,15,,18017,14,0,7,1,15,,18019,14,0,7,1,55,,18021,14,0,7,1,15,,18023,14,0,7,1,15,,18025,14,0,7,1,15,,18027,14,0,7,1,55,,18029,14,0,7,1,15,,18031,14,0,7,1,15,,18033,14,0,7,1,15,,18035,14,0,7,1,55,,18037,14,0,7,1,15,,18039,14,0,7,1,15,,18041,14,0,7,1,70,,18045,14,0,7,1,29,,18049,14,0,7,1,8,,18050,14,0,7,1,55,,18052,14,0,7,1
400100,'16B156',611,,14715,14,0,7,1,15,,14717,14,0,7,1,15,,14719,14,0,7,1,15,,14721,14,0,7,1,55,,14723,14,0,7,1,15,,14725,14,0,7,1,15,,14727,14,0,7,1,15,,14729,14,0,7,1,55,,14731,14,0,7,1,15,,14733,14,0,7,1,15,,14735,14,0,7,1,15,,14737,14,0,7,1,55,,14739,14,0,7,1,15,,14741,14,0,7,1,15,,14743,14,0,7,1,15,,14745,14,0,7,1,55,,14747,14,0,7,1,15,,14749,14,0,7,1,15,,14751,14,0,7,1,15,,14753,14,0,7,1,55,,14755,14,0,7,1,15,,14757,14,0,7,1,15,,14759,14,0,7,1,15,,14761,14,0,7,1,55,,14763,14,0,7,1,15,,14765,14,0,7,1,15,,14767,14,0,7,1,15,,14769,14,0,7,1,55,,14771,14,0,7,1,15,,14773,14,0,7,1,15,,14775,14,0,7,1,15,,14777,14,0,7,1,55,,14779,14,0,7,1,15,,14781,14,0,7,1,15,,14783,14,0,7,1,15,,14785,14,0,7,1,55,,14787,14,0,7,1,15,,14789,14,0,7,1,15,,14791,14,0,7,1,15,,14793,14,0,7,1,55,,14795,14,0,7,1,15,,14797,14,0,7,1,15,,14799,14,0,7,1,15,,14801,14,0,7,1,55,,14803,14,0,7,1,15,,14805,14,0,7,1,15,,14807,14,0,7,1,15,,14809,14,0,7,1,55,,14811,14,0,7,1,15,,14813,14,0,7,1,15,,14815,14,0,7,1,15,,14817,14,0,7,1,55,,14819,14,0,7,1,15,,14821,14,0,7,1,15,,14823,14,0,7,1,15,,14825,14,0,7,1,55,,14827,14,0,7,1,15,,14829,14,0,7,1,15,,14831,14,0,7,1,15,,14833,14,0,7,1,55,,14835,14,0,7,1,15,,14837,14,0,7,1,15,,14839,14,0,7,1,15,,14841,14,0,7,1,55,,14843,14,0,7,1,15,,14845,14,0,7,1,15,,14847,14,0,7,1,15,,14849,14,0,7,1,55,,14851,14,0,7,1,15,,14853,14,0,7,1,15,,14855,14,0,7,1,15,,14857,14,0,7,1,55,,14859,14,0,7,1,30,,14863,14,0,7,1,69,,14867,14,0,7,1,15,,14869,14,0,7,1,8,,14870,14,0,7,1
400100,'16B160',611,,14871,14,0,7,1,15,,14873,14,0,7,1,15,,14875,14,0,7,1,15,,14877,14,0,7,1,55,,14879,14,0,7,1,15,,14881,14,0,7,1,15,,14883,14,0,7,1,15,,14885,14,0,7,1,55,,14887,14,0,7,1,15,,14889,14,0,7,1,15,,14891,14,0,7,1,15,,14893,14,0,7,1,55,,14895,14,0,7,1,15,,14897,14,0,7,1,15,,14899,14,0,7,1,15,,14901,14,0,7,1,55,,14903,14,0,7,1,15,,14905,14,0,7,1,15,,14907,14,0,7,1,15,,14909,14,0,7,1,55,,14911,14,0,7,1,15,,14913,14,0,7,1,15,,14915,14,0,7,1,15,,14917,14,0,7,1,55,,14919,14,0,7,1,15,,14921,14,0,7,1,15,,14923,14,0,7,1,15,,14925,14,0,7,1,55,,14927,14,0,7,1,15,,14929,14,0,7,1,15,,14931,14,0,7,1,15,,14933,14,0,7,1,55,,14935,14,0,7,1,15,,14937,14,0,7,1,15,,14939,14,0,7,1,15,,14941,14,0,7,1,55,,14943,14,0,7,1,15,,14945,14,0,7,1,15,,14947,14,0,7,1,15,,14949,14,0,7,1,55,,14951,14,0,7,1,15,,14953,14,0,7,1,15,,14955,14,0,7,1,15,,14957,14,0,7,1,55,,14959,14,0,7,1,15,,14961,14,0,7,1,15,,14963,14,0,7,1,15,,14965,14,0,7,1,55,,14967,14,0,7,1,15,,14969,14,0,7,1,15,,14971,14,0,7,1,15,,14973,14,0,7,1,55,,14975,14,0,7,1,15,,14977,14,0,7,1,15,,14979,14,0,7,1,15,,14981,14,0,7,1,55,,14983,14,0,7,1,15,,14985,14,0,7,1,15,,14987,14,0,7,1,15,,14989,14,0,7,1,55,,14991,14,0,7,1,15,,14993,14,0,7,1,15,,14995,14,0,7,1,15,,14997,14,0,7,1,55,,14999,14,0,7,1,15,,15001,14,0,7,1,15,,15003,14,0,7,1,15,,15005,14,0,7,1,55,,15007,14,0,7,1,15,,15009,14,0,7,1,15,,15011,14,0,7,1,15,,15013,14,0,7,1,55,,15015,14,0,7,1,15,,15017,14,0,7,1,15,,15019,14,0,7,1,70,,15023,14,0,7,1,29,,15027,14,0,7,1,15,,15029,14,0,7,1,48,,15030,14,0,7,1
400100,'32B220',619,,15032,14,0,7,1,15,,15034,14,0,7,1,15,,15036,14,0,7,1,55,,15039,14,0,7,1,7,,15041,14,0,7,1,7,,15043,14,0,7,1,7,,15045,14,0,7,1,7,,15047,14,0,7,1,7,,15049,14,0,7,1,7,,15051,14,0,7,1,7,,15053,14,0,7,1,47,40,15055,14,0,7,1,7,,15057,14,0,7,1,7,,15059,14,0,7,1,7,,15061,14,0,7,1,7,,15063,14,0,7,1,7,,15065,14,0,7,1,7,,15067,14,0,7,1,7,,15069,14,0,7,1,7,,15071,14,0,7,1,47,,15073,14,0,7,1,7,,15075,14,0,7,1,7,,15077,14,0,7,1,7,,15079,14,0,7,1,7,,15081,14,0,7,1,7,,15083,14,0,7,1,7,,15085,14,0,7,1,7,,15087,14,0,7,1,7,,15089,14,0,7,1,47,,15091,14,0,7,1,8,,15093,14,0,7,1,14,,15095,14,0,7,1,15,,15097,14,0,7,1,15,,15099,14,0,7,1,55,,15101,14,0,7,1,15,,15103,14,0,7,1,15,,15105,14,0,7,1,15,,15107,14,0,7,1,55,,15109,14,0,7,1,15,,15111,14,0,7,1,15,,15113,14,0,7,1,15,,15115,14,0,7,1,55,,15117,14,0,7,1,15,,15119,14,0,7,1,15,,15121,14,0,7,1,15,,15123,14,0,7,1,55,,15125,14,0,7,1,15,,15127,14,0,7,1,15,,15129,14,0,7,1,15,,15131,14,0,7,1,50,,15133,14,0,7,1,7,,15135,14,0,7,1,7,,15137,14,0,7,1,7,,15139,14,0,7,1,7,,15141,14,0,7,1,7,,15143,14,0,7,1,7,,15145,14,0,7,1,7,,15147,14,0,7,1,47,,15149,14,0,7,1,7,,15151,14,0,7,1,7,,15153,14,0,7,1,7,,15155,14,0,7,1,7,,15157,14,0,7,1,7,,15159,14,0,7,1,7,,15161,14,0,7,1,7,,15163,14,0,7,1,47,,15165,14,0,7,1,7,,15167,14,0,7,1,7,,15169,14,0,7,1,7,,15171,14,0,7,1,7,,15173,14,0,7,1,7,,15175,14,0,7,1,7,,15177,14,0,7,1,7,,15179,14,0,7,1,7,,15181,14,0,7,1,47,,15183,14,0,7,1,7,,15185,14,0,7,1,7,,15187,14,0,7,1,7,,15189,14,0,7,1,7,,15191,14,0,7,1,7,,15193,14,0,7,1,7,,15195,14,0,7,1,13,,15197,14,0,7,1,55,,15199,14,0,7,1,15,,15201,14,0,7,1,15,,15203,14,0,7,1,15,,15205,14,0,7,1,55,,15207,14,0,7,1,15,,15209,14,0,7,1,13,,15211,14,0,7,1,15,,15213,14,0,7,1,55,,15215,14,0,7,1,15,,15217,14,0,7,1,15,,15219,14,0,7,1,15,,15221,14,0,7,1,55,,15223,14,0,7,1,15,,15225,14,0,7,1,15,,15227,14,0,7,1,15,,15229,14,0,7,1,55,,15231,14,0,7,1,15,,15233,14,0,7,1,15,,15235,14,0,7,1,15,,15237,14,0,7,1,55,,15239,14,0,7,1,15,,15241,14,0,7,1,15,,15243,14,0,7,1,15,,15245,14,0,7,1,55,,15247,14,0,7,1,15,,15249,14,0,7,1,7,,15250,14,0,7,1
400101,'ES-OuvertureTardive-RDS-16A140',743,,18057,6,0,8,1,15,,18059,6,0,8,1,55,,18061,6,0,8,1,15,,18063,6,0,8,1,15,,18065,6,0,8,1,15,,18067,6,0,8,1,55,,18069,6,0,8,1,15,,18071,6,0,8,1,15,,18073,6,0,8,1,15,,18075,6,0,8,1,55,,18077,6,0,8,1,15,,18079,6,0,8,1,15,,18081,6,0,8,1,15,,18083,6,0,8,1,55,,18085,6,0,8,1,15,,18087,6,0,8,1,15,,18089,6,0,8,1,15,,18091,6,0,8,1,55,,18093,6,0,8,1,15,,18095,6,0,8,1,15,,18097,6,0,8,1,15,,18099,6,0,8,1,55,,18101,6,0,8,1,15,,18103,6,0,8,1,15,,18105,6,0,8,1,15,,18107,6,0,8,1,55,,18109,6,0,8,1,15,,18111,6,0,8,1,15,,18113,6,0,8,1,15,,18115,6,0,8,1,55,,18117,6,0,8,1,15,,18119,6,0,8,1,15,,18121,6,0,8,1,15,,18123,6,0,8,1,55,,18125,6,0,8,1,15,,18127,6,0,8,1,15,,18129,6,0,8,1,15,,18131,6,0,8,1,55,,18133,6,0,8,1,15,,18135,6,0,8,1,15,,18137,6,0,8,1,15,,18139,6,0,8,1,55,,18141,6,0,8,1,15,,18143,6,0,8,1,15,,18145,6,0,8,1,15,,18147,6,0,8,1,55,,18149,6,0,8,1,15,,18151,6,0,8,1,15,,18153,6,0,8,1,15,,18155,6,0,8,1,55,,18157,6,0,8,1,15,,18159,6,0,8,1,15,,18161,6,0,8,1,15,,18163,6,0,8,1,55,,18165,6,0,8,1,15,,18167,6,0,8,1,15,,18169,6,0,8,1,15,,18171,6,0,8,1,55,,18173,6,0,8,1,15,,18175,6,0,8,1,15,,18177,6,0,8,1,15,,18179,6,0,8,1,55,,18181,6,0,8,1,15,,18183,6,0,8,1,15,,18185,6,0,8,1,15,,18187,6,0,8,1,55,,18189,6,0,8,1,15,,18192,6,0,8,1,14,,18194,6,0,8,1
400101,'ES-OuvertureTardive-RDS-16A144',743,,18201,6,0,8,1,15,,18203,6,0,8,1,55,,18205,6,0,8,1,15,,18207,6,0,8,1,15,,18209,6,0,8,1,15,,18211,6,0,8,1,55,,18213,6,0,8,1,15,,18215,6,0,8,1,15,,18217,6,0,8,1,15,,18219,6,0,8,1,55,,18221,6,0,8,1,15,,18223,6,0,8,1,15,,18225,6,0,8,1,15,,18227,6,0,8,1,55,,18229,6,0,8,1,15,,18231,6,0,8,1,15,,18233,6,0,8,1,15,,18235,6,0,8,1,55,,18237,6,0,8,1,15,,18239,6,0,8,1,15,,18241,6,0,8,1,15,,18243,6,0,8,1,55,,18245,6,0,8,1,15,,18247,6,0,8,1,15,,18249,6,0,8,1,15,,18251,6,0,8,1,55,,18253,6,0,8,1,15,,18255,6,0,8,1,15,,18257,6,0,8,1,15,,18259,6,0,8,1,55,,18261,6,0,8,1,15,,18263,6,0,8,1,15,,18265,6,0,8,1,15,,18267,6,0,8,1,55,,18269,6,0,8,1,15,,18271,6,0,8,1,15,,18273,6,0,8,1,15,,18275,6,0,8,1,55,,18277,6,0,8,1,15,,18279,6,0,8,1,15,,18281,6,0,8,1,15,,18283,6,0,8,1,55,,18285,6,0,8,1,15,,18287,6,0,8,1,15,,18289,6,0,8,1,15,,18291,6,0,8,1,55,,18293,6,0,8,1,15,,18295,6,0,8,1,15,,18297,6,0,8,1,15,,18299,6,0,8,1,55,,18301,6,0,8,1,15,,18303,6,0,8,1,15,,18305,6,0,8,1,15,,18307,6,0,8,1,55,,18309,6,0,8,1,15,,18311,6,0,8,1,15,,18313,6,0,8,1,15,,18315,6,0,8,1,55,,18317,6,0,8,1,15,,18319,6,0,8,1,15,,18321,6,0,8,1,15,,18323,6,0,8,1,55,,18325,6,0,8,1,15,,18327,6,0,8,1,15,,18329,6,0,8,1,15,,18331,6,0,8,1,55,,18333,6,0,8,1,15,,18335,6,0,8,1,15,,18337,6,0,8,1,15,,18340,6,0,8,1,54,,18342,6,0,8,1
400101,'16B156',543,,15254,6,0,8,1,15,,15256,6,0,8,1,55,,15258,6,0,8,1,15,,15260,6,0,8,1,15,,15262,6,0,8,1,15,,15264,6,0,8,1,55,,15266,6,0,8,1,15,,15268,6,0,8,1,15,,15270,6,0,8,1,15,,15272,6,0,8,1,55,,15274,6,0,8,1,15,,15276,6,0,8,1,15,,15278,6,0,8,1,15,,15280,6,0,8,1,55,,15282,6,0,8,1,15,,15284,6,0,8,1,15,,15286,6,0,8,1,15,,15288,6,0,8,1,55,,15290,6,0,8,1,15,,15292,6,0,8,1,15,,15294,6,0,8,1,15,,15296,6,0,8,1,55,,15298,6,0,8,1,15,,15300,6,0,8,1,15,,15302,6,0,8,1,15,,15304,6,0,8,1,55,,15306,6,0,8,1,15,,15308,6,0,8,1,15,,15310,6,0,8,1,15,,15312,6,0,8,1,55,,15314,6,0,8,1,15,,15316,6,0,8,1,15,,15318,6,0,8,1,15,,15320,6,0,8,1,55,,15322,6,0,8,1,15,,15324,6,0,8,1,15,,15326,6,0,8,1,15,,15328,6,0,8,1,55,,15330,6,0,8,1,15,,15332,6,0,8,1,15,,15334,6,0,8,1,15,,15336,6,0,8,1,55,,15338,6,0,8,1,15,,15340,6,0,8,1,15,,15342,6,0,8,1,15,,15344,6,0,8,1,55,,15346,6,0,8,1,15,,15348,6,0,8,1,15,,15350,6,0,8,1,15,,15352,6,0,8,1,55,,15354,6,0,8,1,15,,15356,6,0,8,1,15,,15358,6,0,8,1,15,,15360,6,0,8,1,55,,15362,6,0,8,1,15,,15364,6,0,8,1,15,,15366,6,0,8,1,15,,15368,6,0,8,1,55,,15370,6,0,8,1,15,,15372,6,0,8,1,15,,15374,6,0,8,1,15,,15376,6,0,8,1,55,,15378,6,0,8,1,15,,15380,6,0,8,1,15,,15382,6,0,8,1,15,,15384,6,0,8,1,55,,15386,6,0,8,1,15,,15388,6,0,8,1,15,,15390,6,0,8,1,15,,15392,6,0,8,1,55,,15394,6,0,8,1,15,,15396,6,0,8,1,15,,15398,6,0,8,1,15,,15400,6,0,8,1,55,,15402,6,0,8,1,15,,15405,6,0,8,1,14,,15407,6,0,8,1
400101,'16B160',543,,15413,6,0,8,1,15,,15415,6,0,8,1,55,,15417,6,0,8,1,15,,15419,6,0,8,1,15,,15421,6,0,8,1,15,,15423,6,0,8,1,55,,15425,6,0,8,1,15,,15427,6,0,8,1,15,,15429,6,0,8,1,15,,15431,6,0,8,1,55,,15433,6,0,8,1,15,,15435,6,0,8,1,15,,15437,6,0,8,1,15,,15439,6,0,8,1,55,,15441,6,0,8,1,15,,15443,6,0,8,1,15,,15445,6,0,8,1,15,,15447,6,0,8,1,55,,15449,6,0,8,1,15,,15451,6,0,8,1,15,,15453,6,0,8,1,15,,15455,6,0,8,1,55,,15457,6,0,8,1,15,,15459,6,0,8,1,15,,15461,6,0,8,1,15,,15463,6,0,8,1,55,,15465,6,0,8,1,15,,15467,6,0,8,1,15,,15469,6,0,8,1,15,,15471,6,0,8,1,55,,15473,6,0,8,1,15,,15475,6,0,8,1,15,,15477,6,0,8,1,15,,15479,6,0,8,1,55,,15481,6,0,8,1,15,,15483,6,0,8,1,15,,15485,6,0,8,1,15,,15487,6,0,8,1,55,,15489,6,0,8,1,15,,15491,6,0,8,1,15,,15493,6,0,8,1,15,,15495,6,0,8,1,55,,15497,6,0,8,1,15,,15499,6,0,8,1,15,,15501,6,0,8,1,15,,15503,6,0,8,1,55,,15505,6,0,8,1,15,,15507,6,0,8,1,15,,15509,6,0,8,1,15,,15511,6,0,8,1,55,,15513,6,0,8,1,15,,15515,6,0,8,1,15,,15517,6,0,8,1,15,,15519,6,0,8,1,55,,15521,6,0,8,1,15,,15523,6,0,8,1,15,,15525,6,0,8,1,15,,15527,6,0,8,1,55,,15529,6,0,8,1,15,,15531,6,0,8,1,15,,15533,6,0,8,1,15,,15535,6,0,8,1,55,,15537,6,0,8,1,15,,15539,6,0,8,1,15,,15541,6,0,8,1,15,,15543,6,0,8,1,55,,15545,6,0,8,1,15,,15547,6,0,8,1,15,,15549,6,0,8,1,15,,15551,6,0,8,1,55,,15553,6,0,8,1,15,,15555,6,0,8,1,15,,15557,6,0,8,1,15,,15559,6,0,8,1,55,,15561,6,0,8,1,15,,15563,6,0,8,1,15,,15565,6,0,8,1,15,,15568,6,0,8,1,54,,15570,6,0,8,1
400101,'32B220',543,,15576,6,0,8,1,15,,15578,6,0,8,1,55,,15580,6,0,8,1,15,,15582,6,0,8,1,15,,15584,6,0,8,1,9,,15586,6,0,8,1,7,,15588,6,0,8,1,47,,15590,6,0,8,1,7,,15592,6,0,8,1,7,,15594,6,0,8,1,7,,15596,6,0,8,1,7,,15598,6,0,8,1,7,,15600,6,0,8,1,7,,15602,6,0,8,1,7,,15604,6,0,8,1,47,,15606,6,0,8,1,7,,15608,6,0,8,1,7,,15610,6,0,8,1,7,,15612,6,0,8,1,7,,15614,6,0,8,1,7,,15616,6,0,8,1,7,,15618,6,0,8,1,7,,15620,6,0,8,1,7,,15622,6,0,8,1,47,,15624,6,0,8,1,7,,15626,6,0,8,1,7,,15628,6,0,8,1,7,,15630,6,0,8,1,7,,15632,6,0,8,1,7,,15634,6,0,8,1,7,,15636,6,0,8,1,7,,15638,6,0,8,1,51,,15641,6,0,8,1,14,,15643,6,0,8,1,15,,15645,6,0,8,1,15,,15647,6,0,8,1,55,,15649,6,0,8,1,15,,15651,6,0,8,1,15,,15653,6,0,8,1,15,,15655,6,0,8,1,55,,15657,6,0,8,1,15,,15659,6,0,8,1,15,,15661,6,0,8,1,15,,15663,6,0,8,1,55,,15665,6,0,8,1,15,,15667,6,0,8,1,15,,15669,6,0,8,1,15,,15671,6,0,8,1,55,,15673,6,0,8,1,15,,15675,6,0,8,1,15,,15677,6,0,8,1,15,,15679,6,0,8,1,54,,15681,6,0,8,1,8,,15683,6,0,8,1,7,,15685,6,0,8,1,7,,15687,6,0,8,1,7,,15689,6,0,8,1,7,,15691,6,0,8,1,7,,15693,6,0,8,1,7,,15695,6,0,8,1,47,40,15697,6,0,8,1,7,,15699,6,0,8,1,7,,15701,6,0,8,1,7,,15703,6,0,8,1,7,,15705,6,0,8,1,7,,15707,6,0,8,1,7,,15709,6,0,8,1,7,,15711,6,0,8,1,7,,15713,6,0,8,1,47,,15715,6,0,8,1,7,,15717,6,0,8,1,7,,15719,6,0,8,1,7,,15721,6,0,8,1,7,,15723,6,0,8,1,7,,15725,6,0,8,1,7,,15727,6,0,8,1,7,,15729,6,0,8,1,7,,15731,6,0,8,1,47,,15733,6,0,8,1,6,,15735,6,0,8,1,8,,15737,6,0,8,1,7,,15739,6,0,8,1,7,,15741,6,0,8,1,8,,15743,6,0,8,1,9,,15745,6,0,8,1,50,,15747,6,0,8,1,5,,15748,6,0,8,1,12,,15750,6,0,8,1,15,,15752,6,0,8,1,15,,15754,6,0,8,1,55,,15756,6,0,8,1,15,,15758,6,0,8,1,15,,15760,6,0,8,1,15,,15762,6,0,8,1,55,,15764,6,0,8,1,15,,15766,6,0,8,1,15,,15768,6,0,8,1,15,,15770,6,0,8,1,55,,15772,6,0,8,1,15,,15774,6,0,8,1,15,,15776,6,0,8,1,15,,15778,6,0,8,1,55,,15780,6,0,8,1,15,,15782,6,0,8,1,15,,15784,6,0,8,1,15,,15786,6,0,8,1,55,,15788,6,0,8,1,15,,15790,6,0,8,1,15,,15792,6,0,8,1,12,,15794,6,0,8,1
