400100,'ES-OuvertureTardive-RDS-16A140',814,,17769,15,0,7,1,15,,17771,15,0,7,1,15,,17773,15,0,7,1,15,,17775,15,0,7,1,55,,17777,15,0,7,1,15,,17779,15,0,7,1,15,,17781,15,0,7,1,15,,17783,15,0,7,1,55,,17785,15,0,7,1,15,,17787,15,0,7,1,15,,17789,15,0,7,1,15,,17791,15,0,7,1,55,,17793,15,0,7,1,15,,17795,15,0,7,1,15,,17797,15,0,7,1,15,,17799,15,0,7,1,55,,17801,15,0,7,1,15,,17803,15,0,7,1,15,,17805,15,0,7,1,15,,17807,15,0,7,1,55,,17809,15,0,7,1,15,,17811,15,0,7,1,15,,17813,15,0,7,1,15,,17815,15,0,7,1,55,,17817,15,0,7,1,15,,17819,15,0,7,1,15,,17821,15,0,7,1,15,,17823,15,0,7,1,55,,17825,15,0,7,1,15,,17827,15,0,7,1,15,,17829,15,0,7,1,15,,17831,15,0,7,1,55,,17833,15,0,7,1,15,,17835,15,0,7,1,15,,17837,15,0,7,1,15,,17839,15,0,7,1,55,,17841,15,0,7,1,15,,17843,15,0,7,1,15,,17845,15,0,7,1,15,,17847,15,0,7,1,55,,17849,15,0,7,1,15,,17851,15,0,7,1,15,,17853,15,0,7,1,15,,17855,15,0,7,1,55,,17857,15,0,7,1,15,,17859,15,0,7,1,15,,17861,15,0,7,1,15,,17863,15,0,7,1,55,,17865,15,0,7,1,15,,17867,15,0,7,1,15,,17869,15,0,7,1,15,,17871,15,0,7,1,55,,17873,15,0,7,1,15,,17875,15,0,7,1,15,,17877,15,0,7,1,15,,17879,15,0,7,1,55,,17881,15,0,7,1,15,,17883,15,0,7,1,15,,17885,15,0,7,1,15,,17887,15,0,7,1,55,,17889,15,0,7,1,15,,17891,15,0,7,1,15,,17893,15,0,7,1,15,,17895,15,0,7,1,55,,17897,15,0,7,1,30,,17901,15,0,7,1,69,,17905,15,0,7,1,8,,17906,15,0,7,1,15,,17908,15,0,7,1
400100,'ES-OuvertureTardive-RDS-16A144',814,,17909,15,0,7,1,15,,17911,15,0,7,1,15,,17913,15,0,7,1,15,,17915,15,0,7,1,55,,17917,15,0,7,1,15,,17919,15,0,7,1,15,,17921,15,0,7,1,15,,17923,15,0,7,1,55,,17925,15,0,7,1,15,,17927,15,0,7,1,15,,17929,15,0,7,1,15,,17931,15,0,7,1,55,,17933,15,0,7,1,15,,17935,15,0,7,1,15,,17937,15,0,7,1,15,,17939,15,0,7,1,55,,17941,15,0,7,1,15,,17943,15,0,7,1,15,,17945,15,0,7,1,15,,17947,15,0,7,1,55,,17949,15,0,7,1,15,,17951,15,0,7,1,15,,17953,15,0,7,1,15,,17955,15,0,7,1,55,,17957,15,0,7,1,15,,17959,15,0,7,1,15,,17961,15,0,7,1,15,,17963,15,0,7,1,55,,17965,15,0,7,1,15,,17967,15,0,7,1,15,,17969,15,0,7,1,15,,17971,15,0,7,1,55,,17973,15,0,7,1,15,,17975,15,0,7,1,15,,17977,15,0,7,1,15,,17979,15,0,7,1,55,,17981,15,0,7,1,15,,17983,15,0,7,1,15,,17985,15,0,7,1,15,,17987,15,0,7,1,55,,17989,15,0,7,1,15,,17991,15,0,7,1,15,,17993,15,0,7,1,15,,17995,15,0,7,1,55,,17997,15,0,7,1,15,,17999,15,0,7,1,15,,18001,15,0,7,1,15,,18003,15,0,7,1,55,,18005,15,0,7,1,15,,18007,15,0,7,1,15,,18009,15,0,7,1,15,,18011,15,0,7,1,55,,18013,15,0,7,1,15,,18015,15,0,7,1,15,,18017,15,0,7,1,15,,18019,15,0,7,1,55,,18021,15,0,7,1,15,,18023,15,0,7,1,15,,18025,15,0,7,1,15,,18027,15,0,7,1,55,,18029,15,0,7,1,15,,18031,15,0,7,1,15,,18033,15,0,7,1,15,,18035,15,0,7,1,55,,18037,15,0,7,1,15,,18039,15,0,7,1,15,,18041,15,0,7,1,70,,18045,15,0,7,1,29,,18049,15,0,7,1,8,,18050,15,0,7,1,55,,18052,15,0,7,1
400100,'16B156',614,,14715,15,0,7,1,15,,14717,15,0,7,1,15,,14719,15,0,7,1,15,,14721,15,0,7,1,55,,14723,15,0,7,1,15,,14725,15,0,7,1,15,,14727,15,0,7,1,15,,14729,15,0,7,1,55,,14731,15,0,7,1,15,,14733,15,0,7,1,15,,14735,15,0,7,1,15,,14737,15,0,7,1,55,,14739,15,0,7,1,15,,14741,15,0,7,1,15,,14743,15,0,7,1,15,,14745,15,0,7,1,55,,14747,15,0,7,1,15,,14749,15,0,7,1,15,,14751,15,0,7,1,15,,14753,15,0,7,1,55,,14755,15,0,7,1,15,,14757,15,0,7,1,15,,14759,15,0,7,1,15,,14761,15,0,7,1,55,,14763,15,0,7,1,15,,14765,15,0,7,1,15,,14767,15,0,7,1,15,,14769,15,0,7,1,55,,14771,15,0,7,1,15,,14773,15,0,7,1,15,,14775,15,0,7,1,15,,14777,15,0,7,1,55,,14779,15,0,7,1,15,,14781,15,0,7,1,15,,14783,15,0,7,1,15,,14785,15,0,7,1,55,,14787,15,0,7,1,15,,14789,15,0,7,1,15,,14791,15,0,7,1,15,,14793,15,0,7,1,55,,14795,15,0,7,1,15,,14797,15,0,7,1,15,,14799,15,0,7,1,15,,14801,15,0,7,1,55,,14803,15,0,7,1,15,,14805,15,0,7,1,15,,14807,15,0,7,1,15,,14809,15,0,7,1,55,,14811,15,0,7,1,15,,14813,15,0,7,1,15,,14815,15,0,7,1,15,,14817,15,0,7,1,55,,14819,15,0,7,1,15,,14821,15,0,7,1,15,,14823,15,0,7,1,15,,14825,15,0,7,1,55,,14827,15,0,7,1,15,,14829,15,0,7,1,15,,14831,15,0,7,1,15,,14833,15,0,7,1,55,,14835,15,0,7,1,15,,14837,15,0,7,1,15,,14839,15,0,7,1,15,,14841,15,0,7,1,55,,14843,15,0,7,1,15,,14845,15,0,7,1,15,,14847,15,0,7,1,15,,14849,15,0,7,1,55,,14851,15,0,7,1,15,,14853,15,0,7,1,15,,14855,15,0,7,1,15,,14857,15,0,7,1,55,,14859,15,0,7,1,30,,14863,15,0,7,1,69,,14867,15,0,7,1,15,,14869,15,0,7,1,8,,14870,15,0,7,1
400100,'16B160',614,,14871,15,0,7,1,15,,14873,15,0,7,1,15,,14875,15,0,7,1,15,,14877,15,0,7,1,55,,14879,15,0,7,1,15,,14881,15,0,7,1,15,,14883,15,0,7,1,15,,14885,15,0,7,1,55,,14887,15,0,7,1,15,,14889,15,0,7,1,15,,14891,15,0,7,1,15,,14893,15,0,7,1,55,,14895,15,0,7,1,15,,14897,15,0,7,1,15,,14899,15,0,7,1,15,,14901,15,0,7,1,55,,14903,15,0,7,1,15,,14905,15,0,7,1,15,,14907,15,0,7,1,15,,14909,15,0,7,1,55,,14911,15,0,7,1,15,,14913,15,0,7,1,15,,14915,15,0,7,1,15,,14917,15,0,7,1,55,,14919,15,0,7,1,15,,14921,15,0,7,1,15,,14923,15,0,7,1,15,,14925,15,0,7,1,55,,14927,15,0,7,1,15,,14929,15,0,7,1,15,,14931,15,0,7,1,15,,14933,15,0,7,1,55,,14935,15,0,7,1,15,,14937,15,0,7,1,15,,14939,15,0,7,1,15,,14941,15,0,7,1,55,,14943,15,0,7,1,15,,14945,15,0,7,1,15,,14947,15,0,7,1,15,,14949,15,0,7,1,55,,14951,15,0,7,1,15,,14953,15,0,7,1,15,,14955,15,0,7,1,15,,14957,15,0,7,1,55,,14959,15,0,7,1,15,,14961,15,0,7,1,15,,14963,15,0,7,1,15,,14965,15,0,7,1,55,,14967,15,0,7,1,15,,14969,15,0,7,1,15,,14971,15,0,7,1,15,,14973,15,0,7,1,55,,14975,15,0,7,1,15,,14977,15,0,7,1,15,,14979,15,0,7,1,15,,14981,15,0,7,1,55,,14983,15,0,7,1,15,,14985,15,0,7,1,15,,14987,15,0,7,1,15,,14989,15,0,7,1,55,,14991,15,0,7,1,15,,14993,15,0,7,1,15,,14995,15,0,7,1,15,,14997,15,0,7,1,55,,14999,15,0,7,1,15,,15001,15,0,7,1,15,,15003,15,0,7,1,15,,15005,15,0,7,1,55,,15007,15,0,7,1,15,,15009,15,0,7,1,15,,15011,15,0,7,1,15,,15013,15,0,7,1,55,,15015,15,0,7,1,15,,15017,15,0,7,1,15,,15019,15,0,7,1,70,,15023,15,0,7,1,29,,15027,15,0,7,1,15,,15029,15,0,7,1,48,,15030,15,0,7,1
400100,'32B220',622,,15032,15,0,7,1,15,,15034,15,0,7,1,15,,15036,15,0,7,1,54,,15039,15,0,7,1,7,,15041,15,0,7,1,7,,15043,15,0,7,1,7,,15045,15,0,7,1,7,,15047,15,0,7,1,7,,15049,15,0,7,1,7,,15051,15,0,7,1,7,,15053,15,0,7,1,47,,15055,15,0,7,1,7,,15057,15,0,7,1,7,,15059,15,0,7,1,7,,15061,15,0,7,1,7,,15063,15,0,7,1,7,,15065,15,0,7,1,7,,15067,15,0,7,1,7,,15069,15,0,7,1,7,,15071,15,0,7,1,47,,15073,15,0,7,1,7,,15075,15,0,7,1,7,,15077,15,0,7,1,7,,15079,15,0,7,1,7,,15081,15,0,7,1,7,,15083,15,0,7,1,7,,15085,15,0,7,1,7,,15087,15,0,7,1,47,,15089,15,0,7,1,7,,15091,15,0,7,1,8,,15093,15,0,7,1,15,,15095,15,0,7,1,15,,15097,15,0,7,1,55,,15099,15,0,7,1,15,,15101,15,0,7,1,15,,15103,15,0,7,1,15,,15105,15,0,7,1,55,,15107,15,0,7,1,15,,15109,15,0,7,1,15,,15111,15,0,7,1,15,,15113,15,0,7,1,55,,15115,15,0,7,1,15,,15117,15,0,7,1,15,,15119,15,0,7,1,15,,15121,15,0,7,1,55,,15123,15,0,7,1,15,,15125,15,0,7,1,15,,15127,15,0,7,1,15,,15129,15,0,7,1,55,,15131,15,0,7,1,9,,15133,15,0,7,1,8,,15135,15,0,7,1,7,,15137,15,0,7,1,7,,15139,15,0,7,1,7,,15141,15,0,7,1,7,,15143,15,0,7,1,7,,15145,15,0,7,1,47,40,15147,15,0,7,1,7,,15149,15,0,7,1,7,,15151,15,0,7,1,7,,15153,15,0,7,1,7,,15155,15,0,7,1,7,,15157,15,0,7,1,7,,15159,15,0,7,1,7,,15161,15,0,7,1,7,,15163,15,0,7,1,47,,15165,15,0,7,1,7,,15167,15,0,7,1,7,,15169,15,0,7,1,7,,15171,15,0,7,1,7,,15173,15,0,7,1,7,,15175,15,0,7,1,7,,15177,15,0,7,1,7,,15179,15,0,7,1,7,,15181,15,0,7,1,47,,15183,15,0,7,1,7,,15185,15,0,7,1,7,,15187,15,0,7,1,7,,15189,15,0,7,1,7,,15191,15,0,7,1,7,,15193,15,0,7,1,7,,15195,15,0,7,1,52,,15197,15,0,7,1,15,,15199,15,0,7,1,15,,15201,15,0,7,1,15,,15203,15,0,7,1,55,,15205,15,0,7,1,15,,15207,15,0,7,1,15,,15209,15,0,7,1,13,,15211,15,0,7,1,15,,15213,15,0,7,1,55,,15215,15,0,7,1,15,,15217,15,0,7,1,15,,15219,15,0,7,1,15,,15221,15,0,7,1,55,,15223,15,0,7,1,15,,15225,15,0,7,1,15,,15227,15,0,7,1,15,,15229,15,0,7,1,55,,15231,15,0,7,1,15,,15233,15,0,7,1,15,,15235,15,0,7,1,15,,15237,15,0,7,1,55,,15239,15,0,7,1,15,,15241,15,0,7,1,15,,15243,15,0,7,1,15,,15245,15,0,7,1,55,,15247,15,0,7,1,15,,15249,15,0,7,1,8,,15250,15,0,7,1
400101,'ES-OuvertureTardive-RDS-16A140',741,,18057,5,0,8,1,15,,18059,5,0,8,1,55,,18061,5,0,8,1,15,,18063,5,0,8,1,15,,18065,5,0,8,1,15,,18067,5,0,8,1,55,,18069,5,0,8,1,15,,18071,5,0,8,1,15,,18073,5,0,8,1,15,,18075,5,0,8,1,55,,18077,5,0,8,1,15,,18079,5,0,8,1,15,,18081,5,0,8,1,15,,18083,5,0,8,1,55,,18085,5,0,8,1,15,,18087,5,0,8,1,15,,18089,5,0,8,1,15,,18091,5,0,8,1,55,,18093,5,0,8,1,15,,18095,5,0,8,1,15,,18097,5,0,8,1,15,,18099,5,0,8,1,55,,18101,5,0,8,1,15,,18103,5,0,8,1,15,,18105,5,0,8,1,15,,18107,5,0,8,1,55,,18109,5,0,8,1,15,,18111,5,0,8,1,15,,18113,5,0,8,1,15,,18115,5,0,8,1,55,,18117,5,0,8,1,15,,18119,5,0,8,1,15,,18121,5,0,8,1,15,,18123,5,0,8,1,55,,18125,5,0,8,1,15,,18127,5,0,8,1,15,,18129,5,0,8,1,15,,18131,5,0,8,1,55,,18133,5,0,8,1,15,,18135,5,0,8,1,15,,18137,5,0,8,1,15,,18139,5,0,8,1,55,,18141,5,0,8,1,15,,18143,5,0,8,1,15,,18145,5,0,8,1,15,,18147,5,0,8,1,55,,18149,5,0,8,1,15,,18151,5,0,8,1,15,,18153,5,0,8,1,15,,18155,5,0,8,1,55,,18157,5,0,8,1,15,,18159,5,0,8,1,15,,18161,5,0,8,1,15,,18163,5,0,8,1,55,,18165,5,0,8,1,15,,18167,5,0,8,1,15,,18169,5,0,8,1,15,,18171,5,0,8,1,55,,18173,5,0,8,1,15,,18175,5,0,8,1,15,,18177,5,0,8,1,15,,18179,5,0,8,1,55,,18181,5,0,8,1,15,,18183,5,0,8,1,15,,18185,5,0,8,1,15,,18187,5,0,8,1,55,,18189,5,0,8,1,15,,18192,5,0,8,1,13,,18194,5,0,8,1
400101,'ES-OuvertureTardive-RDS-16A144',741,,18201,5,0,8,1,14,,18203,5,0,8,1,55,,18205,5,0,8,1,15,,18207,5,0,8,1,15,,18209,5,0,8,1,15,,18211,5,0,8,1,55,,18213,5,0,8,1,15,,18215,5,0,8,1,15,,18217,5,0,8,1,15,,18219,5,0,8,1,55,,18221,5,0,8,1,15,,18223,5,0,8,1,15,,18225,5,0,8,1,15,,18227,5,0,8,1,55,,18229,5,0,8,1,15,,18231,5,0,8,1,15,,18233,5,0,8,1,15,,18235,5,0,8,1,55,,18237,5,0,8,1,15,,18239,5,0,8,1,15,,18241,5,0,8,1,15,,18243,5,0,8,1,55,,18245,5,0,8,1,15,,18247,5,0,8,1,15,,18249,5,0,8,1,15,,18251,5,0,8,1,55,,18253,5,0,8,1,15,,18255,5,0,8,1,15,,18257,5,0,8,1,15,,18259,5,0,8,1,55,,18261,5,0,8,1,15,,18263,5,0,8,1,15,,18265,5,0,8,1,15,,18267,5,0,8,1,55,,18269,5,0,8,1,15,,18271,5,0,8,1,15,,18273,5,0,8,1,15,,18275,5,0,8,1,55,,18277,5,0,8,1,15,,18279,5,0,8,1,15,,18281,5,0,8,1,15,,18283,5,0,8,1,55,,18285,5,0,8,1,15,,18287,5,0,8,1,15,,18289,5,0,8,1,15,,18291,5,0,8,1,55,,18293,5,0,8,1,15,,18295,5,0,8,1,15,,18297,5,0,8,1,15,,18299,5,0,8,1,55,,18301,5,0,8,1,15,,18303,5,0,8,1,15,,18305,5,0,8,1,15,,18307,5,0,8,1,55,,18309,5,0,8,1,15,,18311,5,0,8,1,15,,18313,5,0,8,1,15,,18315,5,0,8,1,55,,18317,5,0,8,1,15,,18319,5,0,8,1,15,,18321,5,0,8,1,15,,18323,5,0,8,1,55,,18325,5,0,8,1,15,,18327,5,0,8,1,15,,18329,5,0,8,1,15,,18331,5,0,8,1,55,,18333,5,0,8,1,15,,18335,5,0,8,1,15,,18337,5,0,8,1,15,,18340,5,0,8,1,55,,18342,5,0,8,1
400101,'16B156',541,,15254,5,0,8,1,15,,15256,5,0,8,1,55,,15258,5,0,8,1,15,,15260,5,0,8,1,15,,15262,5,0,8,1,15,,15264,5,0,8,1,55,,15266,5,0,8,1,15,,15268,5,0,8,1,15,,15270,5,0,8,1,15,,15272,5,0,8,1,55,,15274,5,0,8,1,15,,15276,5,0,8,1,15,,15278,5,0,8,1,15,,15280,5,0,8,1,55,,15282,5,0,8,1,15,,15284,5,0,8,1,15,,15286,5,0,8,1,15,,15288,5,0,8,1,55,,15290,5,0,8,1,15,,15292,5,0,8,1,15,,15294,5,0,8,1,15,,15296,5,0,8,1,55,,15298,5,0,8,1,15,,15300,5,0,8,1,15,,15302,5,0,8,1,15,,15304,5,0,8,1,55,,15306,5,0,8,1,15,,15308,5,0,8,1,15,,15310,5,0,8,1,15,,15312,5,0,8,1,55,,15314,5,0,8,1,15,,15316,5,0,8,1,15,,15318,5,0,8,1,15,,15320,5,0,8,1,55,,15322,5,0,8,1,15,,15324,5,0,8,1,15,,15326,5,0,8,1,15,,15328,5,0,8,1,55,,15330,5,0,8,1,15,,15332,5,0,8,1,15,,15334,5,0,8,1,15,,15336,5,0,8,1,55,,15338,5,0,8,1,15,,15340,5,0,8,1,15,,15342,5,0,8,1,15,,15344,5,0,8,1,55,,15346,5,0,8,1,15,,15348,5,0,8,1,15,,15350,5,0,8,1,15,,15352,5,0,8,1,55,,15354,5,0,8,1,15,,15356,5,0,8,1,15,,15358,5,0,8,1,15,,15360,5,0,8,1,55,,15362,5,0,8,1,15,,15364,5,0,8,1,15,,15366,5,0,8,1,15,,15368,5,0,8,1,55,,15370,5,0,8,1,15,,15372,5,0,8,1,15,,15374,5,0,8,1,15,,15376,5,0,8,1,55,,15378,5,0,8,1,15,,15380,5,0,8,1,15,,15382,5,0,8,1,15,,15384,5,0,8,1,55,,15386,5,0,8,1,15,,15388,5,0,8,1,15,,15390,5,0,8,1,15,,15392,5,0,8,1,55,,15394,5,0,8,1,15,,15396,5,0,8,1,15,,15398,5,0,8,1,15,,15400,5,0,8,1,55,,15402,5,0,8,1,15,,15405,5,0,8,1,13,,15407,5,0,8,1
400101,'16B160',541,,15413,5,0,8,1,15,,15415,5,0,8,1,55,,15417,5,0,8,1,15,,15419,5,0,8,1,15,,15421,5,0,8,1,15,,15423,5,0,8,1,55,,15425,5,0,8,1,15,,15427,5,0,8,1,15,,15429,5,0,8,1,15,,15431,5,0,8,1,55,,15433,5,0,8,1,15,,15435,5,0,8,1,15,,15437,5,0,8,1,15,,15439,5,0,8,1,55,,15441,5,0,8,1,15,,15443,5,0,8,1,15,,15445,5,0,8,1,15,,15447,5,0,8,1,55,,15449,5,0,8,1,15,,15451,5,0,8,1,15,,15453,5,0,8,1,15,,15455,5,0,8,1,55,,15457,5,0,8,1,15,,15459,5,0,8,1,15,,15461,5,0,8,1,15,,15463,5,0,8,1,55,,15465,5,0,8,1,15,,15467,5,0,8,1,15,,15469,5,0,8,1,15,,15471,5,0,8,1,55,,15473,5,0,8,1,15,,15475,5,0,8,1,15,,15477,5,0,8,1,15,,15479,5,0,8,1,55,,15481,5,0,8,1,15,,15483,5,0,8,1,15,,15485,5,0,8,1,15,,15487,5,0,8,1,55,,15489,5,0,8,1,15,,15491,5,0,8,1,15,,15493,5,0,8,1,15,,15495,5,0,8,1,55,,15497,5,0,8,1,15,,15499,5,0,8,1,15,,15501,5,0,8,1,15,,15503,5,0,8,1,55,,15505,5,0,8,1,15,,15507,5,0,8,1,15,,15509,5,0,8,1,15,,15511,5,0,8,1,55,,15513,5,0,8,1,15,,15515,5,0,8,1,15,,15517,5,0,8,1,15,,15519,5,0,8,1,55,,15521,5,0,8,1,15,,15523,5,0,8,1,15,,15525,5,0,8,1,15,,15527,5,0,8,1,55,,15529,5,0,8,1,15,,15531,5,0,8,1,15,,15533,5,0,8,1,15,,15535,5,0,8,1,55,,15537,5,0,8,1,15,,15539,5,0,8,1,15,,15541,5,0,8,1,15,,15543,5,0,8,1,55,,15545,5,0,8,1,15,,15547,5,0,8,1,15,,15549,5,0,8,1,15,,15551,5,0,8,1,55,,15553,5,0,8,1,15,,15555,5,0,8,1,15,,15557,5,0,8,1,15,,15559,5,0,8,1,55,,15561,5,0,8,1,15,,15563,5,0,8,1,15,,15565,5,0,8,1,15,,15568,5,0,8,1,53,,15570,5,0,8,1
400101,'32B220',541,,15576,5,0,8,1,15,,15578,5,0,8,1,55,,15580,5,0,8,1,15,,15582,5,0,8,1,14,,15584,5,0,8,1,10,,15586,5,0,8,1,7,,15588,5,0,8,1,47,,15590,5,0,8,1,7,,15592,5,0,8,1,7,,15594,5,0,8,1,7,,15596,5,0,8,1,7,,15598,5,0,8,1,7,,15600,5,0,8,1,7,,15602,5,0,8,1,7,,15604,5,0,8,1,47,40,15606,5,0,8,1,7,,15608,5,0,8,1,7,,15610,5,0,8,1,7,,15612,5,0,8,1,7,,15614,5,0,8,1,7,,15616,5,0,8,1,7,,15618,5,0,8,1,7,,15620,5,0,8,1,7,,15622,5,0,8,1,47,,15624,5,0,8,1,7,,15626,5,0,8,1,7,,15628,5,0,8,1,7,,15630,5,0,8,1,7,,15632,5,0,8,1,7,,15634,5,0,8,1,7,,15636,5,0,8,1,7,,15638,5,0,8,1,51,,15641,5,0,8,1,13,,15643,5,0,8,1,15,,15645,5,0,8,1,15,,15647,5,0,8,1,55,,15649,5,0,8,1,15,,15651,5,0,8,1,15,,15653,5,0,8,1,15,,15655,5,0,8,1,55,,15657,5,0,8,1,15,,15659,5,0,8,1,15,,15661,5,0,8,1,15,,15663,5,0,8,1,55,,15665,5,0,8,1,15,,15667,5,0,8,1,15,,15669,5,0,8,1,15,,15671,5,0,8,1,55,,15673,5,0,8,1,15,,15675,5,0,8,1,15,,15677,5,0,8,1,15,,15679,5,0,8,1,54,,15681,5,0,8,1,8,,15683,5,0,8,1,7,,15685,5,0,8,1,7,,15687,5,0,8,1,7,,15689,5,0,8,1,7,,15691,5,0,8,1,7,,15693,5,0,8,1,7,,15695,5,0,8,1,7,,15697,5,0,8,1,47,,15699,5,0,8,1,7,,15701,5,0,8,1,7,,15703,5,0,8,1,7,,15705,5,0,8,1,7,,15707,5,0,8,1,7,,15709,5,0,8,1,7,,15711,5,0,8,1,7,,15713,5,0,8,1,47,,15715,5,0,8,1,7,,15717,5,0,8,1,7,,15719,5,0,8,1,7,,15721,5,0,8,1,7,,15723,5,0,8,1,7,,15725,5,0,8,1,7,,15727,5,0,8,1,7,,15729,5,0,8,1,7,,15731,5,0,8,1,47,,15733,5,0,8,1,7,,15735,5,0,8,1,7,,15737,5,0,8,1,7,,15739,5,0,8,1,7,,15741,5,0,8,1,8,,15743,5,0,8,1,9,,15745,5,0,8,1,10,,15747,5,0,8,1,45,,15748,5,0,8,1,12,,15750,5,0,8,1,15,,15752,5,0,8,1,15,,15754,5,0,8,1,55,40,15756,5,0,8,1,15,,15758,5,0,8,1,15,,15760,5,0,8,1,15,,15762,5,0,8,1,55,40,15764,5,0,8,1,15,,15766,5,0,8,1,15,,15768,5,0,8,1,15,,15770,5,0,8,1,55,40,15772,5,0,8,1,15,,15774,5,0,8,1,15,,15776,5,0,8,1,15,,15778,5,0,8,1,55,40,15780,5,0,8,1,15,,15782,5,0,8,1,15,,15784,5,0,8,1,15,,15786,5,0,8,1,55,40,15788,5,0,8,1,15,,15790,5,0,8,1,15,,15792,5,0,8,1,13,,15794,5,0,8,1
