400100,'ES-OuvertureTardive-RDS-16A140',822,,17769,18,0,7,1,15,,17771,18,0,7,1,15,,17773,18,0,7,1,55,,17775,18,0,7,1,15,,17777,18,0,7,1,15,,17779,18,0,7,1,15,,17781,18,0,7,1,55,,17783,18,0,7,1,15,,17785,18,0,7,1,15,,17787,18,0,7,1,15,,17789,18,0,7,1,55,,17791,18,0,7,1,15,,17793,18,0,7,1,15,,17795,18,0,7,1,15,,17797,18,0,7,1,55,,17799,18,0,7,1,15,,17801,18,0,7,1,15,,17803,18,0,7,1,15,,17805,18,0,7,1,55,,17807,18,0,7,1,15,,17809,18,0,7,1,15,,17811,18,0,7,1,15,,17813,18,0,7,1,55,,17815,18,0,7,1,15,,17817,18,0,7,1,15,,17819,18,0,7,1,15,,17821,18,0,7,1,55,,17823,18,0,7,1,15,,17825,18,0,7,1,15,,17827,18,0,7,1,15,,17829,18,0,7,1,55,,17831,18,0,7,1,15,,17833,18,0,7,1,15,,17835,18,0,7,1,15,,17837,18,0,7,1,55,,17839,18,0,7,1,15,,17841,18,0,7,1,15,,17843,18,0,7,1,15,,17845,18,0,7,1,55,,17847,18,0,7,1,15,,17849,18,0,7,1,15,,17851,18,0,7,1,15,,17853,18,0,7,1,55,,17855,18,0,7,1,15,,17857,18,0,7,1,15,,17859,18,0,7,1,15,,17861,18,0,7,1,55,,17863,18,0,7,1,15,,17865,18,0,7,1,15,,17867,18,0,7,1,15,,17869,18,0,7,1,55,,17871,18,0,7,1,15,,17873,18,0,7,1,15,,17875,18,0,7,1,15,,17877,18,0,7,1,55,,17879,18,0,7,1,15,,17881,18,0,7,1,15,,17883,18,0,7,1,15,,17885,18,0,7,1,55,,17887,18,0,7,1,15,,17889,18,0,7,1,15,,17891,18,0,7,1,15,,17893,18,0,7,1,55,,17895,18,0,7,1,15,,17897,18,0,7,1,30,,17901,18,0,7,1,69,,17905,18,0,7,1,8,,17906,18,0,7,1,15,,17908,18,0,7,1
400100,'ES-OuvertureTardive-RDS-16A144',822,,17909,18,0,7,1,15,,17911,18,0,7,1,15,,17913,18,0,7,1,55,,17915,18,0,7,1,15,,17917,18,0,7,1,15,,17919,18,0,7,1,15,,17921,18,0,7,1,55,,17923,18,0,7,1,15,,17925,18,0,7,1,15,,17927,18,0,7,1,15,,17929,18,0,7,1,55,,17931,18,0,7,1,15,,17933,18,0,7,1,15,,17935,18,0,7,1,15,,17937,18,0,7,1,55,,17939,18,0,7,1,15,,17941,18,0,7,1,15,,17943,18,0,7,1,15,,17945,18,0,7,1,55,,17947,18,0,7,1,15,,17949,18,0,7,1,15,,17951,18,0,7,1,15,,17953,18,0,7,1,55,,17955,18,0,7,1,15,,17957,18,0,7,1,15,,17959,18,0,7,1,15,,17961,18,0,7,1,55,,17963,18,0,7,1,15,,17965,18,0,7,1,15,,17967,18,0,7,1,15,,17969,18,0,7,1,55,,17971,18,0,7,1,15,,17973,18,0,7,1,15,,17975,18,0,7,1,15,,17977,18,0,7,1,55,,17979,18,0,7,1,15,,17981,18,0,7,1,15,,17983,18,0,7,1,15,,17985,18,0,7,1,55,,17987,18,0,7,1,15,,17989,18,0,7,1,15,,17991,18,0,7,1,15,,17993,18,0,7,1,55,,17995,18,0,7,1,15,,17997,18,0,7,1,15,,17999,18,0,7,1,15,,18001,18,0,7,1,55,,18003,18,0,7,1,15,,18005,18,0,7,1,15,,18007,18,0,7,1,15,,18009,18,0,7,1,55,,18011,18,0,7,1,15,,18013,18,0,7,1,15,,18015,18,0,7,1,15,,18017,18,0,7,1,55,,18019,18,0,7,1,15,,18021,18,0,7,1,15,,18023,18,0,7,1,15,,18025,18,0,7,1,55,,18027,18,0,7,1,15,,18029,18,0,7,1,15,,18031,18,0,7,1,15,,18033,18,0,7,1,55,,18035,18,0,7,1,15,,18037,18,0,7,1,15,,18039,18,0,7,1,15,,18041,18,0,7,1,70,,18045,18,0,7,1,29,,18049,18,0,7,1,8,,18050,18,0,7,1,55,,18052,18,0,7,1
400100,'16B156',622,,14715,18,0,7,1,15,,14717,18,0,7,1,15,,14719,18,0,7,1,55,,14721,18,0,7,1,15,,14723,18,0,7,1,15,,14725,18,0,7,1,15,,14727,18,0,7,1,55,,14729,18,0,7,1,15,,14731,18,0,7,1,15,,14733,18,0,7,1,15,,14735,18,0,7,1,55,,14737,18,0,7,1,15,,14739,18,0,7,1,15,,14741,18,0,7,1,15,,14743,18,0,7,1,55,,14745,18,0,7,1,15,,14747,18,0,7,1,15,,14749,18,0,7,1,15,,14751,18,0,7,1,55,,14753,18,0,7,1,15,,14755,18,0,7,1,15,,14757,18,0,7,1,15,,14759,18,0,7,1,55,,14761,18,0,7,1,15,,14763,18,0,7,1,15,,14765,18,0,7,1,15,,14767,18,0,7,1,55,,14769,18,0,7,1,15,,14771,18,0,7,1,15,,14773,18,0,7,1,15,,14775,18,0,7,1,55,,14777,18,0,7,1,15,,14779,18,0,7,1,15,,14781,18,0,7,1,15,,14783,18,0,7,1,55,,14785,18,0,7,1,15,,14787,18,0,7,1,15,,14789,18,0,7,1,15,,14791,18,0,7,1,55,,14793,18,0,7,1,15,,14795,18,0,7,1,15,,14797,18,0,7,1,15,,14799,18,0,7,1,55,,14801,18,0,7,1,15,,14803,18,0,7,1,15,,14805,18,0,7,1,15,,14807,18,0,7,1,55,,14809,18,0,7,1,15,,14811,18,0,7,1,15,,14813,18,0,7,1,15,,14815,18,0,7,1,55,,14817,18,0,7,1,15,,14819,18,0,7,1,15,,14821,18,0,7,1,15,,14823,18,0,7,1,55,,14825,18,0,7,1,15,,14827,18,0,7,1,15,,14829,18,0,7,1,15,,14831,18,0,7,1,55,,14833,18,0,7,1,15,,14835,18,0,7,1,15,,14837,18,0,7,1,15,,14839,18,0,7,1,55,,14841,18,0,7,1,15,,14843,18,0,7,1,15,,14845,18,0,7,1,15,,14847,18,0,7,1,55,,14849,18,0,7,1,15,,14851,18,0,7,1,15,,14853,18,0,7,1,15,,14855,18,0,7,1,55,,14857,18,0,7,1,15,,14859,18,0,7,1,30,,14863,18,0,7,1,69,,14867,18,0,7,1,15,,14869,18,0,7,1,8,,14870,18,0,7,1
400100,'16B160',622,,14871,18,0,7,1,15,,14873,18,0,7,1,15,,14875,18,0,7,1,55,,14877,18,0,7,1,15,,14879,18,0,7,1,15,,14881,18,0,7,1,15,,14883,18,0,7,1,55,,14885,18,0,7,1,15,,14887,18,0,7,1,15,,14889,18,0,7,1,15,,14891,18,0,7,1,55,,14893,18,0,7,1,15,,14895,18,0,7,1,15,,14897,18,0,7,1,15,,14899,18,0,7,1,55,,14901,18,0,7,1,15,,14903,18,0,7,1,15,,14905,18,0,7,1,15,,14907,18,0,7,1,55,,14909,18,0,7,1,15,,14911,18,0,7,1,15,,14913,18,0,7,1,15,,14915,18,0,7,1,55,,14917,18,0,7,1,15,,14919,18,0,7,1,15,,14921,18,0,7,1,15,,14923,18,0,7,1,55,,14925,18,0,7,1,15,,14927,18,0,7,1,15,,14929,18,0,7,1,15,,14931,18,0,7,1,55,,14933,18,0,7,1,15,,14935,18,0,7,1,15,,14937,18,0,7,1,15,,14939,18,0,7,1,55,,14941,18,0,7,1,15,,14943,18,0,7,1,15,,14945,18,0,7,1,15,,14947,18,0,7,1,55,,14949,18,0,7,1,15,,14951,18,0,7,1,15,,14953,18,0,7,1,15,,14955,18,0,7,1,55,,14957,18,0,7,1,15,,14959,18,0,7,1,15,,14961,18,0,7,1,15,,14963,18,0,7,1,55,,14965,18,0,7,1,15,,14967,18,0,7,1,15,,14969,18,0,7,1,15,,14971,18,0,7,1,55,,14973,18,0,7,1,15,,14975,18,0,7,1,15,,14977,18,0,7,1,15,,14979,18,0,7,1,55,,14981,18,0,7,1,15,,14983,18,0,7,1,15,,14985,18,0,7,1,15,,14987,18,0,7,1,55,,14989,18,0,7,1,15,,14991,18,0,7,1,15,,14993,18,0,7,1,15,,14995,18,0,7,1,55,,14997,18,0,7,1,15,,14999,18,0,7,1,15,,15001,18,0,7,1,15,,15003,18,0,7,1,55,,15005,18,0,7,1,15,,15007,18,0,7,1,15,,15009,18,0,7,1,15,,15011,18,0,7,1,55,,15013,18,0,7,1,15,,15015,18,0,7,1,15,,15017,18,0,7,1,15,,15019,18,0,7,1,70,,15023,18,0,7,1,29,,15027,18,0,7,1,55,,15029,18,0,7,1,8,,15030,18,0,7,1
400100,'32B220',630,,15032,18,0,7,1,15,,15034,18,0,7,1,55,40,15036,18,0,7,1,14,,15039,18,0,7,1,7,,15041,18,0,7,1,7,,15043,18,0,7,1,7,,15045,18,0,7,1,7,,15047,18,0,7,1,7,,15049,18,0,7,1,7,,15051,18,0,7,1,47,,15053,18,0,7,1,7,,15055,18,0,7,1,7,,15057,18,0,7,1,7,,15059,18,0,7,1,7,,15061,18,0,7,1,7,,15063,18,0,7,1,7,,15065,18,0,7,1,7,,15067,18,0,7,1,7,,15069,18,0,7,1,47,,15071,18,0,7,1,7,,15073,18,0,7,1,7,,15075,18,0,7,1,7,,15077,18,0,7,1,7,,15079,18,0,7,1,7,,15081,18,0,7,1,7,,15083,18,0,7,1,7,,15085,18,0,7,1,47,,15087,18,0,7,1,7,,15089,18,0,7,1,7,,15091,18,0,7,1,8,,15093,18,0,7,1,15,,15095,18,0,7,1,15,,15097,18,0,7,1,55,,15099,18,0,7,1,15,,15101,18,0,7,1,15,,15103,18,0,7,1,15,,15105,18,0,7,1,55,,15107,18,0,7,1,15,,15109,18,0,7,1,15,,15111,18,0,7,1,15,,15113,18,0,7,1,55,,15115,18,0,7,1,15,,15117,18,0,7,1,15,,15119,18,0,7,1,15,,15121,18,0,7,1,55,,15123,18,0,7,1,15,,15125,18,0,7,1,15,,15127,18,0,7,1,15,,15129,18,0,7,1,55,,15131,18,0,7,1,9,,15133,18,0,7,1,8,,15135,18,0,7,1,7,,15137,18,0,7,1,7,,15139,18,0,7,1,7,,15141,18,0,7,1,7,,15143,18,0,7,1,47,,15145,18,0,7,1,7,,15147,18,0,7,1,7,,15149,18,0,7,1,7,,15151,18,0,7,1,7,,15153,18,0,7,1,7,,15155,18,0,7,1,7,,15157,18,0,7,1,7,,15159,18,0,7,1,7,,15161,18,0,7,1,47,,15163,18,0,7,1,7,,15165,18,0,7,1,7,,15167,18,0,7,1,7,,15169,18,0,7,1,7,,15171,18,0,7,1,7,,15173,18,0,7,1,7,,15175,18,0,7,1,7,,15177,18,0,7,1,47,40,15179,18,0,7,1,7,,15181,18,0,7,1,7,,15183,18,0,7,1,7,,15185,18,0,7,1,7,,15187,18,0,7,1,7,,15189,18,0,7,1,7,,15191,18,0,7,1,7,,15193,18,0,7,1,7,,15195,18,0,7,1,52,,15197,18,0,7,1,15,,15199,18,0,7,1,15,,15201,18,0,7,1,15,,15203,18,0,7,1,55,,15205,18,0,7,1,15,,15207,18,0,7,1,15,,15209,18,0,7,1,13,,15211,18,0,7,1,55,,15213,18,0,7,1,15,,15215,18,0,7,1,15,,15217,18,0,7,1,15,,15219,18,0,7,1,55,,15221,18,0,7,1,15,,15223,18,0,7,1,15,,15225,18,0,7,1,15,,15227,18,0,7,1,55,,15229,18,0,7,1,15,,15231,18,0,7,1,15,,15233,18,0,7,1,15,,15235,18,0,7,1,55,,15237,18,0,7,1,15,,15239,18,0,7,1,15,,15241,18,0,7,1,15,,15243,18,0,7,1,55,,15245,18,0,7,1,15,,15247,18,0,7,1,15,,15249,18,0,7,1,8,,15250,18,0,7,1
400101,'ES-OuvertureTardive-RDS-16A140',732,,18057,2,0,8,1,15,,18059,2,0,8,1,55,,18061,2,0,8,1,15,,18063,2,0,8,1,15,,18065,2,0,8,1,15,,18067,2,0,8,1,55,,18069,2,0,8,1,15,,18071,2,0,8,1,15,,18073,2,0,8,1,15,,18075,2,0,8,1,55,,18077,2,0,8,1,15,,18079,2,0,8,1,15,,18081,2,0,8,1,15,,18083,2,0,8,1,55,,18085,2,0,8,1,15,,18087,2,0,8,1,15,,18089,2,0,8,1,15,,18091,2,0,8,1,55,,18093,2,0,8,1,15,,18095,2,0,8,1,15,,18097,2,0,8,1,15,,18099,2,0,8,1,55,,18101,2,0,8,1,15,,18103,2,0,8,1,15,,18105,2,0,8,1,15,,18107,2,0,8,1,55,,18109,2,0,8,1,15,,18111,2,0,8,1,15,,18113,2,0,8,1,15,,18115,2,0,8,1,55,,18117,2,0,8,1,15,,18119,2,0,8,1,15,,18121,2,0,8,1,15,,18123,2,0,8,1,55,,18125,2,0,8,1,15,,18127,2,0,8,1,15,,18129,2,0,8,1,15,,18131,2,0,8,1,55,,18133,2,0,8,1,15,,18135,2,0,8,1,15,,18137,2,0,8,1,15,,18139,2,0,8,1,55,,18141,2,0,8,1,15,,18143,2,0,8,1,15,,18145,2,0,8,1,15,,18147,2,0,8,1,55,,18149,2,0,8,1,15,,18151,2,0,8,1,15,,18153,2,0,8,1,15,,18155,2,0,8,1,55,,18157,2,0,8,1,15,,18159,2,0,8,1,15,,18161,2,0,8,1,15,,18163,2,0,8,1,55,,18165,2,0,8,1,15,,18167,2,0,8,1,15,,18169,2,0,8,1,15,,18171,2,0,8,1,55,,18173,2,0,8,1,15,,18175,2,0,8,1,15,,18177,2,0,8,1,15,,18179,2,0,8,1,55,,18181,2,0,8,1,15,,18183,2,0,8,1,15,,18185,2,0,8,1,15,,18187,2,0,8,1,55,,18189,2,0,8,1,15,,18192,2,0,8,1,14,,18194,2,0,8,1
400101,'ES-OuvertureTardive-RDS-16A144',732,,18201,2,0,8,1,15,,18203,2,0,8,1,55,,18205,2,0,8,1,15,,18207,2,0,8,1,15,,18209,2,0,8,1,15,,18211,2,0,8,1,55,,18213,2,0,8,1,15,,18215,2,0,8,1,15,,18217,2,0,8,1,15,,18219,2,0,8,1,55,,18221,2,0,8,1,15,,18223,2,0,8,1,15,,18225,2,0,8,1,15,,18227,2,0,8,1,55,,18229,2,0,8,1,15,,18231,2,0,8,1,15,,18233,2,0,8,1,15,,18235,2,0,8,1,55,,18237,2,0,8,1,15,,18239,2,0,8,1,15,,18241,2,0,8,1,15,,18243,2,0,8,1,55,,18245,2,0,8,1,15,,18247,2,0,8,1,15,,18249,2,0,8,1,15,,18251,2,0,8,1,55,,18253,2,0,8,1,15,,18255,2,0,8,1,15,,18257,2,0,8,1,15,,18259,2,0,8,1,55,,18261,2,0,8,1,15,,18263,2,0,8,1,15,,18265,2,0,8,1,15,,18267,2,0,8,1,55,,18269,2,0,8,1,15,,18271,2,0,8,1,15,,18273,2,0,8,1,15,,18275,2,0,8,1,55,,18277,2,0,8,1,15,,18279,2,0,8,1,15,,18281,2,0,8,1,15,,18283,2,0,8,1,55,,18285,2,0,8,1,15,,18287,2,0,8,1,15,,18289,2,0,8,1,15,,18291,2,0,8,1,55,,18293,2,0,8,1,15,,18295,2,0,8,1,15,,18297,2,0,8,1,15,,18299,2,0,8,1,55,,18301,2,0,8,1,15,,18303,2,0,8,1,15,,18305,2,0,8,1,15,,18307,2,0,8,1,55,,18309,2,0,8,1,15,,18311,2,0,8,1,15,,18313,2,0,8,1,15,,18315,2,0,8,1,55,,18317,2,0,8,1,15,,18319,2,0,8,1,15,,18321,2,0,8,1,15,,18323,2,0,8,1,55,,18325,2,0,8,1,15,,18327,2,0,8,1,15,,18329,2,0,8,1,15,,18331,2,0,8,1,55,,18333,2,0,8,1,15,,18335,2,0,8,1,15,,18337,2,0,8,1,15,,18340,2,0,8,1,54,,18342,2,0,8,1
400101,'16B156',532,,15254,2,0,8,1,15,,15256,2,0,8,1,55,,15258,2,0,8,1,15,,15260,2,0,8,1,15,,15262,2,0,8,1,15,,15264,2,0,8,1,55,,15266,2,0,8,1,15,,15268,2,0,8,1,15,,15270,2,0,8,1,15,,15272,2,0,8,1,55,,15274,2,0,8,1,15,,15276,2,0,8,1,15,,15278,2,0,8,1,15,,15280,2,0,8,1,55,,15282,2,0,8,1,15,,15284,2,0,8,1,15,,15286,2,0,8,1,15,,15288,2,0,8,1,55,,15290,2,0,8,1,15,,15292,2,0,8,1,15,,15294,2,0,8,1,15,,15296,2,0,8,1,55,,15298,2,0,8,1,15,,15300,2,0,8,1,15,,15302,2,0,8,1,15,,15304,2,0,8,1,55,,15306,2,0,8,1,15,,15308,2,0,8,1,15,,15310,2,0,8,1,15,,15312,2,0,8,1,55,,15314,2,0,8,1,15,,15316,2,0,8,1,15,,15318,2,0,8,1,15,,15320,2,0,8,1,55,,15322,2,0,8,1,15,,15324,2,0,8,1,15,,15326,2,0,8,1,15,,15328,2,0,8,1,55,,15330,2,0,8,1,15,,15332,2,0,8,1,15,,15334,2,0,8,1,15,,15336,2,0,8,1,55,,15338,2,0,8,1,15,,15340,2,0,8,1,15,,15342,2,0,8,1,15,,15344,2,0,8,1,55,,15346,2,0,8,1,15,,15348,2,0,8,1,15,,15350,2,0,8,1,15,,15352,2,0,8,1,55,,15354,2,0,8,1,15,,15356,2,0,8,1,15,,15358,2,0,8,1,15,,15360,2,0,8,1,55,,15362,2,0,8,1,15,,15364,2,0,8,1,15,,15366,2,0,8,1,15,,15368,2,0,8,1,55,,15370,2,0,8,1,15,,15372,2,0,8,1,15,,15374,2,0,8,1,15,,15376,2,0,8,1,55,,15378,2,0,8,1,15,,15380,2,0,8,1,15,,15382,2,0,8,1,15,,15384,2,0,8,1,55,,15386,2,0,8,1,15,,15388,2,0,8,1,15,,15390,2,0,8,1,15,,15392,2,0,8,1,55,,15394,2,0,8,1,15,,15396,2,0,8,1,15,,15398,2,0,8,1,15,,15400,2,0,8,1,55,,15402,2,0,8,1,15,,15405,2,0,8,1,14,,15407,2,0,8,1
400101,'16B160',532,,15413,2,0,8,1,15,,15415,2,0,8,1,55,,15417,2,0,8,1,15,,15419,2,0,8,1,15,,15421,2,0,8,1,15,,15423,2,0,8,1,55,,15425,2,0,8,1,15,,15427,2,0,8,1,15,,15429,2,0,8,1,15,,15431,2,0,8,1,55,,15433,2,0,8,1,15,,15435,2,0,8,1,15,,15437,2,0,8,1,15,,15439,2,0,8,1,55,,15441,2,0,8,1,15,,15443,2,0,8,1,15,,15445,2,0,8,1,15,,15447,2,0,8,1,55,,15449,2,0,8,1,15,,15451,2,0,8,1,15,,15453,2,0,8,1,15,,15455,2,0,8,1,55,,15457,2,0,8,1,15,,15459,2,0,8,1,15,,15461,2,0,8,1,15,,15463,2,0,8,1,55,,15465,2,0,8,1,15,,15467,2,0,8,1,15,,15469,2,0,8,1,15,,15471,2,0,8,1,55,,15473,2,0,8,1,15,,15475,2,0,8,1,15,,15477,2,0,8,1,15,,15479,2,0,8,1,55,,15481,2,0,8,1,15,,15483,2,0,8,1,15,,15485,2,0,8,1,15,,15487,2,0,8,1,55,,15489,2,0,8,1,15,,15491,2,0,8,1,15,,15493,2,0,8,1,15,,15495,2,0,8,1,55,,15497,2,0,8,1,15,,15499,2,0,8,1,15,,15501,2,0,8,1,15,,15503,2,0,8,1,55,,15505,2,0,8,1,15,,15507,2,0,8,1,15,,15509,2,0,8,1,15,,15511,2,0,8,1,55,,15513,2,0,8,1,15,,15515,2,0,8,1,15,,15517,2,0,8,1,15,,15519,2,0,8,1,55,,15521,2,0,8,1,15,,15523,2,0,8,1,15,,15525,2,0,8,1,15,,15527,2,0,8,1,55,,15529,2,0,8,1,15,,15531,2,0,8,1,15,,15533,2,0,8,1,15,,15535,2,0,8,1,55,,15537,2,0,8,1,15,,15539,2,0,8,1,15,,15541,2,0,8,1,15,,15543,2,0,8,1,55,,15545,2,0,8,1,15,,15547,2,0,8,1,15,,15549,2,0,8,1,15,,15551,2,0,8,1,55,,15553,2,0,8,1,15,,15555,2,0,8,1,15,,15557,2,0,8,1,15,,15559,2,0,8,1,55,,15561,2,0,8,1,15,,15563,2,0,8,1,15,,15565,2,0,8,1,15,,15568,2,0,8,1,54,,15570,2,0,8,1
400101,'32B220',532,,15576,2,0,8,1,15,,15578,2,0,8,1,55,,15580,2,0,8,1,15,,15582,2,0,8,1,15,,15584,2,0,8,1,10,,15586,2,0,8,1,7,,15588,2,0,8,1,7,,15590,2,0,8,1,47,,15592,2,0,8,1,7,,15594,2,0,8,1,7,,15596,2,0,8,1,7,,15598,2,0,8,1,7,,15600,2,0,8,1,7,,15602,2,0,8,1,7,,15604,2,0,8,1,7,,15606,2,0,8,1,7,,15608,2,0,8,1,47,,15610,2,0,8,1,7,,15612,2,0,8,1,7,,15614,2,0,8,1,7,,15616,2,0,8,1,7,,15618,2,0,8,1,7,,15620,2,0,8,1,7,,15622,2,0,8,1,7,,15624,2,0,8,1,47,,15626,2,0,8,1,7,,15628,2,0,8,1,7,,15630,2,0,8,1,7,,15632,2,0,8,1,7,,15634,2,0,8,1,6,,15636,2,0,8,1,8,,15638,2,0,8,1,11,,15641,2,0,8,1,53,,15643,2,0,8,1,15,,15645,2,0,8,1,15,,15647,2,0,8,1,15,,15649,2,0,8,1,55,,15651,2,0,8,1,15,,15653,2,0,8,1,15,,15655,2,0,8,1,15,,15657,2,0,8,1,55,,15659,2,0,8,1,15,,15661,2,0,8,1,15,,15663,2,0,8,1,15,,15665,2,0,8,1,55,,15667,2,0,8,1,15,,15669,2,0,8,1,15,,15671,2,0,8,1,15,,15673,2,0,8,1,55,,15675,2,0,8,1,15,,15677,2,0,8,1,15,,15679,2,0,8,1,14,,15681,2,0,8,1,48,,15683,2,0,8,1,7,,15685,2,0,8,1,7,,15687,2,0,8,1,7,,15689,2,0,8,1,7,,15691,2,0,8,1,7,,15693,2,0,8,1,7,,15695,2,0,8,1,7,,15697,2,0,8,1,7,,15699,2,0,8,1,47,,15701,2,0,8,1,7,,15703,2,0,8,1,7,,15705,2,0,8,1,7,,15707,2,0,8,1,7,,15709,2,0,8,1,7,,15711,2,0,8,1,7,,15713,2,0,8,1,7,,15715,2,0,8,1,7,,15717,2,0,8,1,47,,15719,2,0,8,1,7,,15721,2,0,8,1,7,,15723,2,0,8,1,7,,15725,2,0,8,1,7,,15727,2,0,8,1,7,,15729,2,0,8,1,7,,15731,2,0,8,1,7,,15733,2,0,8,1,46,,15735,2,0,8,1,8,,15737,2,0,8,1,7,,15739,2,0,8,1,7,,15741,2,0,8,1,8,,15743,2,0,8,1,9,,15745,2,0,8,1,10,,15747,2,0,8,1,5,,15748,2,0,8,1,52,,15750,2,0,8,1,15,,15752,2,0,8,1,15,,15754,2,0,8,1,15,,15756,2,0,8,1,55,,15758,2,0,8,1,15,,15760,2,0,8,1,15,,15762,2,0,8,1,15,,15764,2,0,8,1,55,,15766,2,0,8,1,15,,15768,2,0,8,1,15,,15770,2,0,8,1,15,,15772,2,0,8,1,55,,15774,2,0,8,1,15,,15776,2,0,8,1,15,,15778,2,0,8,1,15,,15780,2,0,8,1,55,,15782,2,0,8,1,15,,15784,2,0,8,1,15,,15786,2,0,8,1,15,,15788,2,0,8,1,55,,15790,2,0,8,1,15,,15792,2,0,8,1,12,,15794,2,0,8,1
