400100,'ES-OuvertureTardive-RDS-16A140',826,,17770,15,0,9,1,15,,17772,15,0,9,1,15,,17774,15,0,9,1,55,,17776,15,0,9,1,15,,17778,15,0,9,1,15,,17780,15,0,9,1,15,,17782,15,0,9,1,55,,17784,15,0,9,1,15,,17786,15,0,9,1,15,,17788,15,0,9,1,15,,17790,15,0,9,1,55,,17792,15,0,9,1,15,,17794,15,0,9,1,15,,17796,15,0,9,1,15,,17798,15,0,9,1,55,,17800,15,0,9,1,15,,17802,15,0,9,1,15,,17804,15,0,9,1,15,,17806,15,0,9,1,55,,17808,15,0,9,1,15,,17810,15,0,9,1,15,,17812,15,0,9,1,15,,17814,15,0,9,1,55,,17816,15,0,9,1,15,,17818,15,0,9,1,15,,17820,15,0,9,1,15,,17822,15,0,9,1,55,,17824,15,0,9,1,15,,17826,15,0,9,1,15,,17828,15,0,9,1,15,,17830,15,0,9,1,55,,17832,15,0,9,1,15,,17834,15,0,9,1,15,,17836,15,0,9,1,15,,17838,15,0,9,1,55,,17840,15,0,9,1,15,,17842,15,0,9,1,15,,17844,15,0,9,1,15,,17846,15,0,9,1,55,,17848,15,0,9,1,15,,17850,15,0,9,1,15,,17852,15,0,9,1,15,,17854,15,0,9,1,55,,17856,15,0,9,1,15,,17858,15,0,9,1,15,,17860,15,0,9,1,15,,17862,15,0,9,1,55,,17864,15,0,9,1,15,,17866,15,0,9,1,15,,17868,15,0,9,1,15,,17870,15,0,9,1,55,,17872,15,0,9,1,15,,17874,15,0,9,1,15,,17876,15,0,9,1,15,,17878,15,0,9,1,55,,17880,15,0,9,1,15,,17882,15,0,9,1,15,,17884,15,0,9,1,15,,17886,15,0,9,1,55,,17888,15,0,9,1,15,,17890,15,0,9,1,15,,17892,15,0,9,1,15,,17894,15,0,9,1,55,,17896,15,0,9,1,15,,17898,15,0,9,1,15,,17900,15,0,9,1,15,,17902,15,0,9,1,54,,17904,15,0,9,1,23,,17907,15,0,9,1
400100,'ES-OuvertureTardive-RDS-16A144',826,,17910,15,0,9,1,15,,17912,15,0,9,1,15,,17914,15,0,9,1,55,,17916,15,0,9,1,15,,17918,15,0,9,1,15,,17920,15,0,9,1,15,,17922,15,0,9,1,55,,17924,15,0,9,1,15,,17926,15,0,9,1,15,,17928,15,0,9,1,15,,17930,15,0,9,1,55,,17932,15,0,9,1,15,,17934,15,0,9,1,15,,17936,15,0,9,1,15,,17938,15,0,9,1,55,,17940,15,0,9,1,15,,17942,15,0,9,1,15,,17944,15,0,9,1,15,,17946,15,0,9,1,55,,17948,15,0,9,1,15,,17950,15,0,9,1,15,,17952,15,0,9,1,15,,17954,15,0,9,1,55,,17956,15,0,9,1,15,,17958,15,0,9,1,15,,17960,15,0,9,1,15,,17962,15,0,9,1,55,,17964,15,0,9,1,15,,17966,15,0,9,1,15,,17968,15,0,9,1,15,,17970,15,0,9,1,55,,17972,15,0,9,1,15,,17974,15,0,9,1,15,,17976,15,0,9,1,15,,17978,15,0,9,1,55,,17980,15,0,9,1,15,,17982,15,0,9,1,15,,17984,15,0,9,1,15,,17986,15,0,9,1,55,,17988,15,0,9,1,15,,17990,15,0,9,1,15,,17992,15,0,9,1,15,,17994,15,0,9,1,55,,17996,15,0,9,1,15,,17998,15,0,9,1,15,,18000,15,0,9,1,15,,18002,15,0,9,1,55,,18004,15,0,9,1,15,,18006,15,0,9,1,15,,18008,15,0,9,1,15,,18010,15,0,9,1,55,,18012,15,0,9,1,15,,18014,15,0,9,1,15,,18016,15,0,9,1,15,,18018,15,0,9,1,55,,18020,15,0,9,1,15,,18022,15,0,9,1,15,,18024,15,0,9,1,15,,18026,15,0,9,1,55,,18028,15,0,9,1,15,,18030,15,0,9,1,15,,18032,15,0,9,1,15,,18034,15,0,9,1,55,,18036,15,0,9,1,15,,18038,15,0,9,1,15,,18040,15,0,9,1,15,,18042,15,0,9,1,55,,18044,15,0,9,1,15,,18046,15,0,9,1,14,,18048,15,0,9,1,63,,18051,15,0,9,1
400100,'16B156',626,,14716,15,0,9,1,15,,14718,15,0,9,1,15,,14720,15,0,9,1,55,,14722,15,0,9,1,15,,14724,15,0,9,1,15,,14726,15,0,9,1,15,,14728,15,0,9,1,55,,14730,15,0,9,1,15,,14732,15,0,9,1,15,,14734,15,0,9,1,15,,14736,15,0,9,1,55,,14738,15,0,9,1,15,,14740,15,0,9,1,15,,14742,15,0,9,1,15,,14744,15,0,9,1,55,,14746,15,0,9,1,15,,14748,15,0,9,1,15,,14750,15,0,9,1,15,,14752,15,0,9,1,55,,14754,15,0,9,1,15,,14756,15,0,9,1,15,,14758,15,0,9,1,15,,14760,15,0,9,1,55,,14762,15,0,9,1,15,,14764,15,0,9,1,15,,14766,15,0,9,1,15,,14768,15,0,9,1,55,,14770,15,0,9,1,15,,14772,15,0,9,1,15,,14774,15,0,9,1,15,,14776,15,0,9,1,55,,14778,15,0,9,1,15,,14780,15,0,9,1,15,,14782,15,0,9,1,15,,14784,15,0,9,1,55,,14786,15,0,9,1,15,,14788,15,0,9,1,15,,14790,15,0,9,1,15,,14792,15,0,9,1,55,,14794,15,0,9,1,15,,14796,15,0,9,1,15,,14798,15,0,9,1,15,,14800,15,0,9,1,55,,14802,15,0,9,1,15,,14804,15,0,9,1,15,,14806,15,0,9,1,15,,14808,15,0,9,1,55,,14810,15,0,9,1,15,,14812,15,0,9,1,15,,14814,15,0,9,1,15,,14816,15,0,9,1,55,,14818,15,0,9,1,15,,14820,15,0,9,1,15,,14822,15,0,9,1,15,,14824,15,0,9,1,55,,14826,15,0,9,1,15,,14828,15,0,9,1,15,,14830,15,0,9,1,15,,14832,15,0,9,1,55,,14834,15,0,9,1,15,,14836,15,0,9,1,15,,14838,15,0,9,1,15,,14840,15,0,9,1,55,,14842,15,0,9,1,15,,14844,15,0,9,1,15,,14846,15,0,9,1,15,,14848,15,0,9,1,55,,14850,15,0,9,1,15,,14852,15,0,9,1,15,,14854,15,0,9,1,15,,14856,15,0,9,1,55,,14858,15,0,9,1,14,,14860,15,0,9,1,16,,14862,15,0,9,1,15,,14864,15,0,9,1,54,,14866,15,0,9,1,15,,14868,15,0,9,1
400100,'16B160',626,,14872,15,0,9,1,15,,14874,15,0,9,1,15,,14876,15,0,9,1,55,,14878,15,0,9,1,15,,14880,15,0,9,1,15,,14882,15,0,9,1,15,,14884,15,0,9,1,55,,14886,15,0,9,1,15,,14888,15,0,9,1,15,,14890,15,0,9,1,15,,14892,15,0,9,1,55,,14894,15,0,9,1,15,,14896,15,0,9,1,15,,14898,15,0,9,1,15,,14900,15,0,9,1,55,,14902,15,0,9,1,15,,14904,15,0,9,1,15,,14906,15,0,9,1,15,,14908,15,0,9,1,55,,14910,15,0,9,1,15,,14912,15,0,9,1,15,,14914,15,0,9,1,15,,14916,15,0,9,1,55,,14918,15,0,9,1,15,,14920,15,0,9,1,15,,14922,15,0,9,1,15,,14924,15,0,9,1,55,,14926,15,0,9,1,15,,14928,15,0,9,1,15,,14930,15,0,9,1,15,,14932,15,0,9,1,55,,14934,15,0,9,1,15,,14936,15,0,9,1,15,,14938,15,0,9,1,15,,14940,15,0,9,1,55,,14942,15,0,9,1,15,,14944,15,0,9,1,15,,14946,15,0,9,1,15,,14948,15,0,9,1,55,,14950,15,0,9,1,15,,14952,15,0,9,1,15,,14954,15,0,9,1,15,,14956,15,0,9,1,55,,14958,15,0,9,1,15,,14960,15,0,9,1,15,,14962,15,0,9,1,15,,14964,15,0,9,1,55,,14966,15,0,9,1,15,,14968,15,0,9,1,15,,14970,15,0,9,1,15,,14972,15,0,9,1,55,,14974,15,0,9,1,15,,14976,15,0,9,1,15,,14978,15,0,9,1,15,,14980,15,0,9,1,55,,14982,15,0,9,1,15,,14984,15,0,9,1,15,,14986,15,0,9,1,15,,14988,15,0,9,1,55,,14990,15,0,9,1,15,,14992,15,0,9,1,15,,14994,15,0,9,1,15,,14996,15,0,9,1,55,,14998,15,0,9,1,15,,15000,15,0,9,1,15,,15002,15,0,9,1,15,,15004,15,0,9,1,55,,15006,15,0,9,1,15,,15008,15,0,9,1,15,,15010,15,0,9,1,15,,15012,15,0,9,1,55,,15014,15,0,9,1,15,,15016,15,0,9,1,15,,15018,15,0,9,1,14,,15020,15,0,9,1,56,,15022,15,0,9,1,15,,15024,15,0,9,1,14,,15026,15,0,9,1,15,,15028,15,0,9,1
400100,'32B220',619,,15031,15,0,9,1,15,,15033,15,0,9,1,15,,15035,15,0,9,1,54,,15037,15,0,9,1,12,,15040,15,0,9,1,14,,15044,15,0,9,1,14,,15048,15,0,9,1,14,,15052,15,0,9,1,54,,15056,15,0,9,1,14,,15060,15,0,9,1,14,,15064,15,0,9,1,14,,15068,15,0,9,1,54,,15072,15,0,9,1,14,,15076,15,0,9,1,14,,15080,15,0,9,1,14,,15084,15,0,9,1,54,,15088,15,0,9,1,14,,15092,15,0,9,1,11,,15094,15,0,9,1,15,,15096,15,0,9,1,15,,15098,15,0,9,1,55,,15100,15,0,9,1,15,,15102,15,0,9,1,15,,15104,15,0,9,1,15,,15106,15,0,9,1,55,,15108,15,0,9,1,15,,15110,15,0,9,1,15,,15112,15,0,9,1,15,,15114,15,0,9,1,55,,15116,15,0,9,1,15,,15118,15,0,9,1,15,,15120,15,0,9,1,15,,15122,15,0,9,1,55,,15124,15,0,9,1,15,,15126,15,0,9,1,15,,15128,15,0,9,1,15,,15130,15,0,9,1,53,,15132,15,0,9,1,8,,15134,15,0,9,1,14,,15138,15,0,9,1,14,,15142,15,0,9,1,54,,15146,15,0,9,1,14,,15150,15,0,9,1,14,,15154,15,0,9,1,14,,15158,15,0,9,1,14,,15162,15,0,9,1,54,,15166,15,0,9,1,14,,15170,15,0,9,1,14,,15174,15,0,9,1,14,,15178,15,0,9,1,54,,15182,15,0,9,1,14,,15186,15,0,9,1,14,,15190,15,0,9,1,14,,15194,15,0,9,1,8,,15196,15,0,9,1,55,,15198,15,0,9,1,15,,15200,15,0,9,1,15,,15202,15,0,9,1,15,,15204,15,0,9,1,55,,15206,15,0,9,1,15,,15208,15,0,9,1,15,,15210,15,0,9,1,13,,15212,15,0,9,1,55,,15214,15,0,9,1,15,,15216,15,0,9,1,15,,15218,15,0,9,1,15,,15220,15,0,9,1,55,,15222,15,0,9,1,15,,15224,15,0,9,1,15,,15226,15,0,9,1,15,,15228,15,0,9,1,55,,15230,15,0,9,1,15,,15232,15,0,9,1,15,,15234,15,0,9,1,15,,15236,15,0,9,1,55,,15238,15,0,9,1,15,,15240,15,0,9,1,15,,15242,15,0,9,1,15,,15244,15,0,9,1,56,,15246,15,0,9,1,15,,15248,15,0,9,1
400101,'ES-OuvertureTardive-RDS-16A140',743,,18058,3,0,8,1,16,,18060,3,0,8,1,55,,18062,3,0,8,1,15,,18064,3,0,8,1,15,,18066,3,0,8,1,15,,18068,3,0,8,1,55,,18070,3,0,8,1,15,,18072,3,0,8,1,15,,18074,3,0,8,1,15,,18076,3,0,8,1,55,,18078,3,0,8,1,15,,18080,3,0,8,1,15,,18082,3,0,8,1,15,,18084,3,0,8,1,55,,18086,3,0,8,1,15,,18088,3,0,8,1,15,,18090,3,0,8,1,15,,18092,3,0,8,1,55,,18094,3,0,8,1,15,,18096,3,0,8,1,15,,18098,3,0,8,1,15,,18100,3,0,8,1,55,,18102,3,0,8,1,15,,18104,3,0,8,1,15,,18106,3,0,8,1,15,,18108,3,0,8,1,55,,18110,3,0,8,1,15,,18112,3,0,8,1,15,,18114,3,0,8,1,15,,18116,3,0,8,1,55,,18118,3,0,8,1,15,,18120,3,0,8,1,15,,18122,3,0,8,1,15,,18124,3,0,8,1,55,,18126,3,0,8,1,15,,18128,3,0,8,1,15,,18130,3,0,8,1,15,,18132,3,0,8,1,55,,18134,3,0,8,1,15,,18136,3,0,8,1,15,,18138,3,0,8,1,15,,18140,3,0,8,1,55,,18142,3,0,8,1,15,,18144,3,0,8,1,15,,18146,3,0,8,1,15,,18148,3,0,8,1,55,,18150,3,0,8,1,15,,18152,3,0,8,1,15,,18154,3,0,8,1,15,,18156,3,0,8,1,55,,18158,3,0,8,1,15,,18160,3,0,8,1,15,,18162,3,0,8,1,15,,18164,3,0,8,1,55,,18166,3,0,8,1,15,,18168,3,0,8,1,15,,18170,3,0,8,1,15,,18172,3,0,8,1,55,,18174,3,0,8,1,15,,18176,3,0,8,1,15,,18178,3,0,8,1,15,,18180,3,0,8,1,55,,18182,3,0,8,1,15,,18184,3,0,8,1,15,,18186,3,0,8,1,15,,18188,3,0,8,1,52,,18190,3,0,8,1,17,,18193,3,0,8,1,12,,18195,3,0,8,1
400101,'ES-OuvertureTardive-RDS-16A144',743,,18202,3,0,8,1,15,,18204,3,0,8,1,55,,18206,3,0,8,1,15,,18208,3,0,8,1,15,,18210,3,0,8,1,15,,18212,3,0,8,1,55,,18214,3,0,8,1,15,,18216,3,0,8,1,15,,18218,3,0,8,1,15,,18220,3,0,8,1,55,,18222,3,0,8,1,15,,18224,3,0,8,1,15,,18226,3,0,8,1,15,,18228,3,0,8,1,55,,18230,3,0,8,1,15,,18232,3,0,8,1,15,,18234,3,0,8,1,15,,18236,3,0,8,1,55,,18238,3,0,8,1,15,,18240,3,0,8,1,15,,18242,3,0,8,1,15,,18244,3,0,8,1,55,,18246,3,0,8,1,15,,18248,3,0,8,1,15,,18250,3,0,8,1,15,,18252,3,0,8,1,55,,18254,3,0,8,1,15,,18256,3,0,8,1,15,,18258,3,0,8,1,15,,18260,3,0,8,1,55,,18262,3,0,8,1,15,,18264,3,0,8,1,15,,18266,3,0,8,1,15,,18268,3,0,8,1,55,,18270,3,0,8,1,15,,18272,3,0,8,1,15,,18274,3,0,8,1,15,,18276,3,0,8,1,55,,18278,3,0,8,1,15,,18280,3,0,8,1,15,,18282,3,0,8,1,15,,18284,3,0,8,1,55,,18286,3,0,8,1,15,,18288,3,0,8,1,15,,18290,3,0,8,1,15,,18292,3,0,8,1,55,,18294,3,0,8,1,15,,18296,3,0,8,1,15,,18298,3,0,8,1,15,,18300,3,0,8,1,55,,18302,3,0,8,1,15,,18304,3,0,8,1,15,,18306,3,0,8,1,15,,18308,3,0,8,1,55,,18310,3,0,8,1,15,,18312,3,0,8,1,15,,18314,3,0,8,1,15,,18316,3,0,8,1,55,,18318,3,0,8,1,15,,18320,3,0,8,1,15,,18322,3,0,8,1,15,,18324,3,0,8,1,55,,18326,3,0,8,1,15,,18328,3,0,8,1,15,,18330,3,0,8,1,15,,18332,3,0,8,1,55,,18334,3,0,8,1,15,,18336,3,0,8,1,13,,18338,3,0,8,1,17,,18341,3,0,8,1,52,,18343,3,0,8,1
400101,'16B156',543,,15255,3,0,8,1,15,,15257,3,0,8,1,55,,15259,3,0,8,1,15,,15261,3,0,8,1,15,,15263,3,0,8,1,15,,15265,3,0,8,1,55,,15267,3,0,8,1,15,,15269,3,0,8,1,15,,15271,3,0,8,1,15,,15273,3,0,8,1,55,,15275,3,0,8,1,15,,15277,3,0,8,1,15,,15279,3,0,8,1,15,,15281,3,0,8,1,55,,15283,3,0,8,1,15,,15285,3,0,8,1,15,,15287,3,0,8,1,15,,15289,3,0,8,1,55,,15291,3,0,8,1,15,,15293,3,0,8,1,15,,15295,3,0,8,1,15,,15297,3,0,8,1,55,,15299,3,0,8,1,15,,15301,3,0,8,1,15,,15303,3,0,8,1,15,,15305,3,0,8,1,55,,15307,3,0,8,1,15,,15309,3,0,8,1,15,,15311,3,0,8,1,15,,15313,3,0,8,1,55,,15315,3,0,8,1,15,,15317,3,0,8,1,15,,15319,3,0,8,1,15,,15321,3,0,8,1,55,,15323,3,0,8,1,15,,15325,3,0,8,1,15,,15327,3,0,8,1,15,,15329,3,0,8,1,55,,15331,3,0,8,1,15,,15333,3,0,8,1,15,,15335,3,0,8,1,15,,15337,3,0,8,1,55,,15339,3,0,8,1,15,,15341,3,0,8,1,15,,15343,3,0,8,1,15,,15345,3,0,8,1,55,,15347,3,0,8,1,15,,15349,3,0,8,1,15,,15351,3,0,8,1,15,,15353,3,0,8,1,55,,15355,3,0,8,1,15,,15357,3,0,8,1,15,,15359,3,0,8,1,15,,15361,3,0,8,1,55,,15363,3,0,8,1,15,,15365,3,0,8,1,15,,15367,3,0,8,1,15,,15369,3,0,8,1,55,,15371,3,0,8,1,15,,15373,3,0,8,1,15,,15375,3,0,8,1,15,,15377,3,0,8,1,55,,15379,3,0,8,1,15,,15381,3,0,8,1,15,,15383,3,0,8,1,15,,15385,3,0,8,1,55,,15387,3,0,8,1,15,,15389,3,0,8,1,15,,15391,3,0,8,1,15,,15393,3,0,8,1,55,,15395,3,0,8,1,15,,15397,3,0,8,1,15,,15399,3,0,8,1,15,,15401,3,0,8,1,53,,15403,3,0,8,1,16,,15406,3,0,8,1,13,,15408,3,0,8,1
400101,'16B160',543,,15414,3,0,8,1,15,,15416,3,0,8,1,55,,15418,3,0,8,1,15,,15420,3,0,8,1,15,,15422,3,0,8,1,15,,15424,3,0,8,1,55,,15426,3,0,8,1,15,,15428,3,0,8,1,15,,15430,3,0,8,1,15,,15432,3,0,8,1,55,,15434,3,0,8,1,15,,15436,3,0,8,1,15,,15438,3,0,8,1,15,,15440,3,0,8,1,55,,15442,3,0,8,1,15,,15444,3,0,8,1,15,,15446,3,0,8,1,15,,15448,3,0,8,1,55,,15450,3,0,8,1,15,,15452,3,0,8,1,15,,15454,3,0,8,1,15,,15456,3,0,8,1,55,,15458,3,0,8,1,15,,15460,3,0,8,1,15,,15462,3,0,8,1,15,,15464,3,0,8,1,55,,15466,3,0,8,1,15,,15468,3,0,8,1,15,,15470,3,0,8,1,15,,15472,3,0,8,1,55,,15474,3,0,8,1,15,,15476,3,0,8,1,15,,15478,3,0,8,1,15,,15480,3,0,8,1,55,,15482,3,0,8,1,15,,15484,3,0,8,1,15,,15486,3,0,8,1,15,,15488,3,0,8,1,55,,15490,3,0,8,1,15,,15492,3,0,8,1,15,,15494,3,0,8,1,15,,15496,3,0,8,1,55,,15498,3,0,8,1,15,,15500,3,0,8,1,15,,15502,3,0,8,1,15,,15504,3,0,8,1,55,,15506,3,0,8,1,15,,15508,3,0,8,1,15,,15510,3,0,8,1,15,,15512,3,0,8,1,55,,15514,3,0,8,1,15,,15516,3,0,8,1,15,,15518,3,0,8,1,15,,15520,3,0,8,1,55,,15522,3,0,8,1,15,,15524,3,0,8,1,15,,15526,3,0,8,1,15,,15528,3,0,8,1,55,,15530,3,0,8,1,15,,15532,3,0,8,1,15,,15534,3,0,8,1,15,,15536,3,0,8,1,55,,15538,3,0,8,1,15,,15540,3,0,8,1,15,,15542,3,0,8,1,15,,15544,3,0,8,1,55,,15546,3,0,8,1,15,,15548,3,0,8,1,15,,15550,3,0,8,1,15,,15552,3,0,8,1,55,,15554,3,0,8,1,15,,15556,3,0,8,1,15,,15558,3,0,8,1,15,,15560,3,0,8,1,55,,15562,3,0,8,1,15,,15564,3,0,8,1,13,,15566,3,0,8,1,16,,15569,3,0,8,1,53,,15571,3,0,8,1
400101,'32B220',543,,15577,3,0,8,1,15,,15579,3,0,8,1,55,,15581,3,0,8,1,15,,15583,3,0,8,1,13,,15585,3,0,8,1,14,,15589,3,0,8,1,54,,15593,3,0,8,1,14,,15597,3,0,8,1,14,,15601,3,0,8,1,14,,15605,3,0,8,1,54,,15609,3,0,8,1,14,,15613,3,0,8,1,14,,15617,3,0,8,1,14,,15621,3,0,8,1,54,,15625,3,0,8,1,14,,15629,3,0,8,1,14,,15633,3,0,8,1,15,,15637,3,0,8,1,10,,15640,3,0,8,1,51,,15642,3,0,8,1,14,,15644,3,0,8,1,15,,15646,3,0,8,1,15,,15648,3,0,8,1,55,,15650,3,0,8,1,15,,15652,3,0,8,1,15,,15654,3,0,8,1,15,,15656,3,0,8,1,55,,15658,3,0,8,1,15,,15660,3,0,8,1,15,,15662,3,0,8,1,15,,15664,3,0,8,1,55,,15666,3,0,8,1,15,,15668,3,0,8,1,15,,15670,3,0,8,1,15,,15672,3,0,8,1,55,,15674,3,0,8,1,15,,15676,3,0,8,1,15,,15678,3,0,8,1,15,,15680,3,0,8,1,10,,15682,3,0,8,1,55,,15686,3,0,8,1,14,,15690,3,0,8,1,14,,15694,3,0,8,1,14,,15698,3,0,8,1,54,,15702,3,0,8,1,14,,15706,3,0,8,1,14,,15710,3,0,8,1,14,,15714,3,0,8,1,54,,15718,3,0,8,1,14,,15722,3,0,8,1,14,,15726,3,0,8,1,14,,15730,3,0,8,1,54,,15734,3,0,8,1,14,,15738,3,0,8,1,14,,15742,3,0,8,1,10,,15744,3,0,8,1,9,,15746,3,0,8,1,55,,15749,3,0,8,1,14,,15751,3,0,8,1,15,,15753,3,0,8,1,15,,15755,3,0,8,1,55,,15757,3,0,8,1,15,,15759,3,0,8,1,15,,15761,3,0,8,1,15,,15763,3,0,8,1,55,,15765,3,0,8,1,15,,15767,3,0,8,1,15,,15769,3,0,8,1,15,,15771,3,0,8,1,55,,15773,3,0,8,1,15,,15775,3,0,8,1,15,,15777,3,0,8,1,15,,15779,3,0,8,1,55,,15781,3,0,8,1,15,,15783,3,0,8,1,15,,15785,3,0,8,1,15,,15787,3,0,8,1,55,,15789,3,0,8,1,15,,15791,3,0,8,1,15,,15793,3,0,8,1,8,,15795,3,0,8,1
