400100,'ES-OuvertureTardive-RDS-16A140',825,,17769,19,4,,1,15,,17771,19,4,,1,15,,17773,19,4,,1,55,,17775,19,4,,1,15,,17777,19,4,,1,15,,17779,19,4,,1,15,,17781,19,4,,1,55,,17783,19,4,,1,15,,17785,19,4,,1,15,,17787,19,4,,1,15,,17789,19,4,,1,55,,17791,19,4,,1,15,,17793,19,4,,1,15,,17795,19,4,,1,15,,17797,19,4,,1,55,,17799,19,4,,1,15,,17801,19,4,,1,15,,17803,19,4,,1,15,,17805,19,4,,1,55,,17807,19,4,,1,15,,17809,19,4,,1,15,,17811,19,4,,1,15,,17813,19,4,,1,55,,17815,19,4,,1,15,,17817,19,4,,1,15,,17819,19,4,,1,15,,17821,19,4,,1,55,,17823,19,4,,1,15,,17825,19,4,,1,15,,17827,19,4,,1,15,,17829,19,4,,1,55,,17831,19,4,,1,15,,17833,19,4,,1,15,,17835,19,4,,1,15,,17837,19,4,,1,55,,17839,19,4,,1,15,,17841,19,4,,1,15,,17843,19,4,,1,15,,17845,19,4,,1,55,,17847,19,4,,1,15,,17849,19,4,,1,15,,17851,19,4,,1,15,,17853,19,4,,1,55,,17855,19,4,,1,15,,17857,19,4,,1,15,,17859,19,4,,1,15,,17861,19,4,,1,55,,17863,19,4,,1,15,,17865,19,4,,1,15,,17867,19,4,,1,15,,17869,19,4,,1,55,,17871,19,4,,1,15,,17873,19,4,,1,15,,17875,19,4,,1,15,,17877,19,4,,1,55,,17879,19,4,,1,15,,17881,19,4,,1,15,,17883,19,4,,1,15,,17885,19,4,,1,55,,17887,19,4,,1,15,,17889,19,4,,1,15,,17891,19,4,,1,15,,17893,19,4,,1,55,,17895,19,4,,1,15,,17897,19,4,,1,30,,17901,19,4,,1,69,,17905,19,4,,1,7,,17906,19,4,,1,15,,17908,19,4,,1
400100,'ES-OuvertureTardive-RDS-16A144',825,,17909,19,4,,1,15,,17911,19,4,,1,15,,17913,19,4,,1,55,,17915,19,4,,1,15,,17917,19,4,,1,15,,17919,19,4,,1,15,,17921,19,4,,1,55,,17923,19,4,,1,15,,17925,19,4,,1,15,,17927,19,4,,1,15,,17929,19,4,,1,55,,17931,19,4,,1,15,,17933,19,4,,1,15,,17935,19,4,,1,15,,17937,19,4,,1,55,,17939,19,4,,1,15,,17941,19,4,,1,15,,17943,19,4,,1,15,,17945,19,4,,1,55,,17947,19,4,,1,15,,17949,19,4,,1,15,,17951,19,4,,1,15,,17953,19,4,,1,55,,17955,19,4,,1,15,,17957,19,4,,1,15,,17959,19,4,,1,15,,17961,19,4,,1,55,,17963,19,4,,1,15,,17965,19,4,,1,15,,17967,19,4,,1,15,,17969,19,4,,1,55,,17971,19,4,,1,15,,17973,19,4,,1,15,,17975,19,4,,1,15,,17977,19,4,,1,55,,17979,19,4,,1,15,,17981,19,4,,1,15,,17983,19,4,,1,15,,17985,19,4,,1,55,,17987,19,4,,1,15,,17989,19,4,,1,15,,17991,19,4,,1,15,,17993,19,4,,1,55,,17995,19,4,,1,15,,17997,19,4,,1,15,,17999,19,4,,1,15,,18001,19,4,,1,55,,18003,19,4,,1,15,,18005,19,4,,1,15,,18007,19,4,,1,15,,18009,19,4,,1,55,,18011,19,4,,1,15,,18013,19,4,,1,15,,18015,19,4,,1,15,,18017,19,4,,1,55,,18019,19,4,,1,15,,18021,19,4,,1,15,,18023,19,4,,1,15,,18025,19,4,,1,55,,18027,19,4,,1,15,,18029,19,4,,1,15,,18031,19,4,,1,15,,18033,19,4,,1,55,,18035,19,4,,1,15,,18037,19,4,,1,15,,18039,19,4,,1,15,,18041,19,4,,1,70,,18045,19,4,,1,29,,18049,19,4,,1,47,,18050,19,4,,1,15,,18052,19,4,,1
400100,'16B156',625,,14715,19,4,,1,15,,14717,19,4,,1,15,,14719,19,4,,1,55,,14721,19,4,,1,15,,14723,19,4,,1,15,,14725,19,4,,1,15,,14727,19,4,,1,55,,14729,19,4,,1,15,,14731,19,4,,1,15,,14733,19,4,,1,15,,14735,19,4,,1,55,,14737,19,4,,1,15,,14739,19,4,,1,15,,14741,19,4,,1,15,,14743,19,4,,1,55,,14745,19,4,,1,15,,14747,19,4,,1,15,,14749,19,4,,1,15,,14751,19,4,,1,55,,14753,19,4,,1,15,,14755,19,4,,1,15,,14757,19,4,,1,15,,14759,19,4,,1,55,,14761,19,4,,1,15,,14763,19,4,,1,15,,14765,19,4,,1,15,,14767,19,4,,1,55,,14769,19,4,,1,15,,14771,19,4,,1,15,,14773,19,4,,1,15,,14775,19,4,,1,55,,14777,19,4,,1,15,,14779,19,4,,1,15,,14781,19,4,,1,15,,14783,19,4,,1,55,,14785,19,4,,1,15,,14787,19,4,,1,15,,14789,19,4,,1,15,,14791,19,4,,1,55,,14793,19,4,,1,15,,14795,19,4,,1,15,,14797,19,4,,1,15,,14799,19,4,,1,55,,14801,19,4,,1,15,,14803,19,4,,1,15,,14805,19,4,,1,15,,14807,19,4,,1,55,,14809,19,4,,1,15,,14811,19,4,,1,15,,14813,19,4,,1,15,,14815,19,4,,1,55,,14817,19,4,,1,15,,14819,19,4,,1,15,,14821,19,4,,1,15,,14823,19,4,,1,55,,14825,19,4,,1,15,,14827,19,4,,1,15,,14829,19,4,,1,15,,14831,19,4,,1,55,,14833,19,4,,1,15,,14835,19,4,,1,15,,14837,19,4,,1,15,,14839,19,4,,1,55,,14841,19,4,,1,15,,14843,19,4,,1,15,,14845,19,4,,1,15,,14847,19,4,,1,55,,14849,19,4,,1,15,,14851,19,4,,1,15,,14853,19,4,,1,15,,14855,19,4,,1,55,,14857,19,4,,1,15,,14859,19,4,,1,30,,14863,19,4,,1,69,,14867,19,4,,1,15,,14869,19,4,,1,7,,14870,19,4,,1
400100,'16B160',625,,14871,19,4,,1,15,,14873,19,4,,1,15,,14875,19,4,,1,55,,14877,19,4,,1,15,,14879,19,4,,1,15,,14881,19,4,,1,15,,14883,19,4,,1,55,,14885,19,4,,1,15,,14887,19,4,,1,15,,14889,19,4,,1,15,,14891,19,4,,1,55,,14893,19,4,,1,15,,14895,19,4,,1,15,,14897,19,4,,1,15,,14899,19,4,,1,55,,14901,19,4,,1,15,,14903,19,4,,1,15,,14905,19,4,,1,15,,14907,19,4,,1,55,,14909,19,4,,1,15,,14911,19,4,,1,15,,14913,19,4,,1,15,,14915,19,4,,1,55,,14917,19,4,,1,15,,14919,19,4,,1,15,,14921,19,4,,1,15,,14923,19,4,,1,55,,14925,19,4,,1,15,,14927,19,4,,1,15,,14929,19,4,,1,15,,14931,19,4,,1,55,,14933,19,4,,1,15,,14935,19,4,,1,15,,14937,19,4,,1,15,,14939,19,4,,1,55,,14941,19,4,,1,15,,14943,19,4,,1,15,,14945,19,4,,1,15,,14947,19,4,,1,55,,14949,19,4,,1,15,,14951,19,4,,1,15,,14953,19,4,,1,15,,14955,19,4,,1,55,,14957,19,4,,1,15,,14959,19,4,,1,15,,14961,19,4,,1,15,,14963,19,4,,1,55,,14965,19,4,,1,15,,14967,19,4,,1,15,,14969,19,4,,1,15,,14971,19,4,,1,55,,14973,19,4,,1,15,,14975,19,4,,1,15,,14977,19,4,,1,15,,14979,19,4,,1,55,,14981,19,4,,1,15,,14983,19,4,,1,15,,14985,19,4,,1,15,,14987,19,4,,1,55,,14989,19,4,,1,15,,14991,19,4,,1,15,,14993,19,4,,1,15,,14995,19,4,,1,55,,14997,19,4,,1,15,,14999,19,4,,1,15,,15001,19,4,,1,15,,15003,19,4,,1,55,,15005,19,4,,1,15,,15007,19,4,,1,15,,15009,19,4,,1,15,,15011,19,4,,1,55,,15013,19,4,,1,15,,15015,19,4,,1,15,,15017,19,4,,1,15,,15019,19,4,,1,70,,15023,19,4,,1,29,,15027,19,4,,1,55,,15029,19,4,,1,7,,15030,19,4,,1
400100,'32B220',632,,15032,19,4,,1,15,,15034,19,4,,1,55,,15036,19,4,,1,15,,15039,19,4,,1,7,,15041,19,4,,1,7,,15043,19,4,,1,7,,15045,19,4,,1,7,,15047,19,4,,1,7,,15049,19,4,,1,7,,15051,19,4,,1,47,,15053,19,4,,1,7,,15055,19,4,,1,7,,15057,19,4,,1,7,,15059,19,4,,1,7,,15061,19,4,,1,7,,15063,19,4,,1,7,,15065,19,4,,1,7,,15067,19,4,,1,47,,15069,19,4,,1,7,,15071,19,4,,1,7,,15073,19,4,,1,7,,15075,19,4,,1,7,,15077,19,4,,1,7,,15079,19,4,,1,7,,15081,19,4,,1,7,,15083,19,4,,1,7,,15085,19,4,,1,47,,15087,19,4,,1,7,,15089,19,4,,1,7,,15091,19,4,,1,8,,15093,19,4,,1,15,,15095,19,4,,1,15,,15097,19,4,,1,55,,15099,19,4,,1,15,,15101,19,4,,1,15,,15103,19,4,,1,15,,15105,19,4,,1,55,,15107,19,4,,1,15,,15109,19,4,,1,15,,15111,19,4,,1,15,,15113,19,4,,1,55,,15115,19,4,,1,15,,15117,19,4,,1,15,,15119,19,4,,1,15,,15121,19,4,,1,55,,15123,19,4,,1,15,,15125,19,4,,1,15,,15127,19,4,,1,15,,15129,19,4,,1,55,,15131,19,4,,1,9,,15133,19,4,,1,7,,15135,19,4,,1,7,,15137,19,4,,1,7,,15139,19,4,,1,7,,15141,19,4,,1,7,,15143,19,4,,1,47,,15145,19,4,,1,7,,15147,19,4,,1,7,,15149,19,4,,1,7,,15151,19,4,,1,7,,15153,19,4,,1,7,,15155,19,4,,1,7,,15157,19,4,,1,7,,15159,19,4,,1,7,,15161,19,4,,1,47,,15163,19,4,,1,7,,15165,19,4,,1,7,,15167,19,4,,1,7,,15169,19,4,,1,7,,15171,19,4,,1,7,,15173,19,4,,1,7,,15175,19,4,,1,7,,15177,19,4,,1,47,,15179,19,4,,1,7,,15181,19,4,,1,7,,15183,19,4,,1,7,,15185,19,4,,1,7,,15187,19,4,,1,7,,15189,19,4,,1,7,,15191,19,4,,1,7,,15193,19,4,,1,7,,15195,19,4,,1,53,,15197,19,4,,1,15,,15199,19,4,,1,15,,15201,19,4,,1,15,,15203,19,4,,1,55,,15205,19,4,,1,15,,15207,19,4,,1,15,,15209,19,4,,1,13,,15211,19,4,,1,55,,15213,19,4,,1,15,,15215,19,4,,1,15,,15217,19,4,,1,15,,15219,19,4,,1,55,,15221,19,4,,1,15,,15223,19,4,,1,15,,15225,19,4,,1,15,,15227,19,4,,1,55,,15229,19,4,,1,15,,15231,19,4,,1,15,,15233,19,4,,1,15,,15235,19,4,,1,55,,15237,19,4,,1,15,,15239,19,4,,1,15,,15241,19,4,,1,15,,15243,19,4,,1,55,,15245,19,4,,1,15,,15247,19,4,,1,15,,15249,19,4,,1,7,,15250,19,4,,1
400101,'ES-OuvertureTardive-RDS-16A140',730,,18057,1,0,8,1,15,,18059,1,0,8,1,55,40,18061,1,0,8,1,15,,18063,1,0,8,1,15,,18065,1,0,8,1,15,,18067,1,0,8,1,55,40,18069,1,0,8,1,15,,18071,1,0,8,1,15,,18073,1,0,8,1,15,,18075,1,0,8,1,55,40,18077,1,0,8,1,15,,18079,1,0,8,1,15,,18081,1,0,8,1,15,,18083,1,0,8,1,55,40,18085,1,0,8,1,15,,18087,1,0,8,1,15,,18089,1,0,8,1,15,,18091,1,0,8,1,55,40,18093,1,0,8,1,15,,18095,1,0,8,1,15,,18097,1,0,8,1,15,,18099,1,0,8,1,55,40,18101,1,0,8,1,15,,18103,1,0,8,1,15,,18105,1,0,8,1,15,,18107,1,0,8,1,55,40,18109,1,0,8,1,15,,18111,1,0,8,1,15,,18113,1,0,8,1,15,,18115,1,0,8,1,55,40,18117,1,0,8,1,15,,18119,1,0,8,1,15,,18121,1,0,8,1,15,,18123,1,0,8,1,55,40,18125,1,0,8,1,15,,18127,1,0,8,1,15,,18129,1,0,8,1,15,,18131,1,0,8,1,55,40,18133,1,0,8,1,15,,18135,1,0,8,1,15,,18137,1,0,8,1,15,,18139,1,0,8,1,55,40,18141,1,0,8,1,15,,18143,1,0,8,1,15,,18145,1,0,8,1,15,,18147,1,0,8,1,55,40,18149,1,0,8,1,15,,18151,1,0,8,1,15,,18153,1,0,8,1,15,,18155,1,0,8,1,55,40,18157,1,0,8,1,15,,18159,1,0,8,1,15,,18161,1,0,8,1,15,,18163,1,0,8,1,55,40,18165,1,0,8,1,15,,18167,1,0,8,1,15,,18169,1,0,8,1,15,,18171,1,0,8,1,55,40,18173,1,0,8,1,15,,18175,1,0,8,1,15,,18177,1,0,8,1,15,,18179,1,0,8,1,55,40,18181,1,0,8,1,15,,18183,1,0,8,1,15,,18185,1,0,8,1,15,,18187,1,0,8,1,55,40,18189,1,0,8,1,15,,18192,1,0,8,1,13,,18194,1,0,8,1
400101,'ES-OuvertureTardive-RDS-16A144',730,,18201,1,0,8,1,14,,18203,1,0,8,1,15,,18205,1,0,8,1,55,,18207,1,0,8,1,15,,18209,1,0,8,1,15,,18211,1,0,8,1,15,,18213,1,0,8,1,55,,18215,1,0,8,1,15,,18217,1,0,8,1,15,,18219,1,0,8,1,15,,18221,1,0,8,1,55,,18223,1,0,8,1,15,,18225,1,0,8,1,15,,18227,1,0,8,1,15,,18229,1,0,8,1,55,,18231,1,0,8,1,15,,18233,1,0,8,1,15,,18235,1,0,8,1,15,,18237,1,0,8,1,55,,18239,1,0,8,1,15,,18241,1,0,8,1,15,,18243,1,0,8,1,15,,18245,1,0,8,1,55,,18247,1,0,8,1,15,,18249,1,0,8,1,15,,18251,1,0,8,1,15,,18253,1,0,8,1,55,,18255,1,0,8,1,15,,18257,1,0,8,1,15,,18259,1,0,8,1,15,,18261,1,0,8,1,55,,18263,1,0,8,1,15,,18265,1,0,8,1,15,,18267,1,0,8,1,15,,18269,1,0,8,1,55,,18271,1,0,8,1,15,,18273,1,0,8,1,15,,18275,1,0,8,1,15,,18277,1,0,8,1,55,,18279,1,0,8,1,15,,18281,1,0,8,1,15,,18283,1,0,8,1,15,,18285,1,0,8,1,55,,18287,1,0,8,1,15,,18289,1,0,8,1,15,,18291,1,0,8,1,15,,18293,1,0,8,1,55,,18295,1,0,8,1,15,,18297,1,0,8,1,15,,18299,1,0,8,1,15,,18301,1,0,8,1,55,,18303,1,0,8,1,15,,18305,1,0,8,1,15,,18307,1,0,8,1,15,,18309,1,0,8,1,55,,18311,1,0,8,1,15,,18313,1,0,8,1,15,,18315,1,0,8,1,15,,18317,1,0,8,1,55,,18319,1,0,8,1,15,,18321,1,0,8,1,15,,18323,1,0,8,1,15,,18325,1,0,8,1,55,,18327,1,0,8,1,15,,18329,1,0,8,1,15,,18331,1,0,8,1,15,,18333,1,0,8,1,55,,18335,1,0,8,1,15,,18337,1,0,8,1,15,,18340,1,0,8,1,14,,18342,1,0,8,1
400101,'16B156',530,1,15254,1,0,8,1,15,1,15256,1,0,8,1,55,41,15258,1,0,8,1,15,1,15260,1,0,8,1,15,1,15262,1,0,8,1,15,1,15264,1,0,8,1,55,41,15266,1,0,8,1,15,1,15268,1,0,8,1,15,1,15270,1,0,8,1,15,1,15272,1,0,8,1,55,41,15274,1,0,8,1,15,1,15276,1,0,8,1,15,1,15278,1,0,8,1,15,1,15280,1,0,8,1,55,41,15282,1,0,8,1,15,1,15284,1,0,8,1,15,1,15286,1,0,8,1,15,1,15288,1,0,8,1,55,41,15290,1,0,8,1,15,1,15292,1,0,8,1,15,1,15294,1,0,8,1,15,1,15296,1,0,8,1,55,41,15298,1,0,8,1,15,1,15300,1,0,8,1,15,1,15302,1,0,8,1,15,1,15304,1,0,8,1,55,41,15306,1,0,8,1,15,1,15308,1,0,8,1,15,1,15310,1,0,8,1,15,1,15312,1,0,8,1,55,41,15314,1,0,8,1,15,1,15316,1,0,8,1,15,1,15318,1,0,8,1,15,1,15320,1,0,8,1,55,41,15322,1,0,8,1,15,1,15324,1,0,8,1,15,1,15326,1,0,8,1,15,1,15328,1,0,8,1,55,41,15330,1,0,8,1,15,1,15332,1,0,8,1,15,1,15334,1,0,8,1,15,1,15336,1,0,8,1,55,41,15338,1,0,8,1,15,1,15340,1,0,8,1,15,1,15342,1,0,8,1,15,1,15344,1,0,8,1,55,41,15346,1,0,8,1,15,1,15348,1,0,8,1,15,1,15350,1,0,8,1,15,1,15352,1,0,8,1,55,41,15354,1,0,8,1,15,1,15356,1,0,8,1,15,1,15358,1,0,8,1,15,1,15360,1,0,8,1,55,41,15362,1,0,8,1,15,1,15364,1,0,8,1,15,1,15366,1,0,8,1,15,1,15368,1,0,8,1,55,41,15370,1,0,8,1,15,1,15372,1,0,8,1,15,1,15374,1,0,8,1,15,1,15376,1,0,8,1,55,41,15378,1,0,8,1,15,1,15380,1,0,8,1,15,1,15382,1,0,8,1,15,1,15384,1,0,8,1,55,41,15386,1,0,8,1,15,1,15388,1,0,8,1,15,1,15390,1,0,8,1,15,1,15392,1,0,8,1,55,41,15394,1,0,8,1,15,1,15396,1,0,8,1,15,1,15398,1,0,8,1,15,1,15400,1,0,8,1,55,41,15402,1,0,8,1,15,1,15405,1,0,8,1,13,,15407,1,0,8,1
400101,'16B160',530,1,15413,1,0,8,1,15,1,15415,1,0,8,1,55,41,15417,1,0,8,1,15,1,15419,1,0,8,1,15,1,15421,1,0,8,1,15,1,15423,1,0,8,1,55,41,15425,1,0,8,1,15,1,15427,1,0,8,1,15,1,15429,1,0,8,1,15,1,15431,1,0,8,1,55,41,15433,1,0,8,1,15,1,15435,1,0,8,1,15,1,15437,1,0,8,1,15,1,15439,1,0,8,1,55,41,15441,1,0,8,1,15,1,15443,1,0,8,1,15,1,15445,1,0,8,1,15,1,15447,1,0,8,1,55,41,15449,1,0,8,1,15,1,15451,1,0,8,1,15,1,15453,1,0,8,1,15,1,15455,1,0,8,1,55,41,15457,1,0,8,1,15,1,15459,1,0,8,1,15,1,15461,1,0,8,1,15,1,15463,1,0,8,1,55,41,15465,1,0,8,1,15,1,15467,1,0,8,1,15,1,15469,1,0,8,1,15,1,15471,1,0,8,1,55,41,15473,1,0,8,1,15,1,15475,1,0,8,1,15,1,15477,1,0,8,1,15,1,15479,1,0,8,1,55,41,15481,1,0,8,1,15,1,15483,1,0,8,1,15,1,15485,1,0,8,1,15,1,15487,1,0,8,1,55,41,15489,1,0,8,1,15,1,15491,1,0,8,1,15,1,15493,1,0,8,1,15,1,15495,1,0,8,1,55,41,15497,1,0,8,1,15,1,15499,1,0,8,1,15,1,15501,1,0,8,1,15,1,15503,1,0,8,1,55,41,15505,1,0,8,1,15,1,15507,1,0,8,1,15,1,15509,1,0,8,1,15,1,15511,1,0,8,1,55,41,15513,1,0,8,1,15,1,15515,1,0,8,1,15,1,15517,1,0,8,1,15,1,15519,1,0,8,1,55,41,15521,1,0,8,1,15,1,15523,1,0,8,1,15,1,15525,1,0,8,1,15,1,15527,1,0,8,1,55,41,15529,1,0,8,1,15,1,15531,1,0,8,1,15,1,15533,1,0,8,1,15,1,15535,1,0,8,1,55,41,15537,1,0,8,1,15,1,15539,1,0,8,1,15,1,15541,1,0,8,1,15,1,15543,1,0,8,1,55,41,15545,1,0,8,1,15,1,15547,1,0,8,1,15,1,15549,1,0,8,1,15,1,15551,1,0,8,1,55,41,15553,1,0,8,1,15,1,15555,1,0,8,1,15,1,15557,1,0,8,1,15,1,15559,1,0,8,1,55,41,15561,1,0,8,1,15,1,15563,1,0,8,1,15,1,15565,1,0,8,1,15,1,15568,1,0,8,1,13,,15570,1,0,8,1
400101,'32B220',530,,15576,1,0,8,1,15,,15578,1,0,8,1,55,40,15580,1,0,8,1,15,,15582,1,0,8,1,15,,15584,1,0,8,1,9,3,15586,1,0,8,1,7,,15588,1,0,8,1,7,3,15590,1,0,8,1,47,41,15592,1,0,8,1,7,2,15594,1,0,8,1,7,,15596,1,0,8,1,7,,15598,1,0,8,1,7,,15600,1,0,8,1,7,,15602,1,0,8,1,7,,15604,1,0,8,1,7,,15606,1,0,8,1,7,,15608,1,0,8,1,47,,15610,1,0,8,1,7,,15612,1,0,8,1,7,,15614,1,0,8,1,7,,15616,1,0,8,1,7,,15618,1,0,8,1,7,,15620,1,0,8,1,7,,15622,1,0,8,1,7,,15624,1,0,8,1,7,,15626,1,0,8,1,47,,15628,1,0,8,1,7,,15630,1,0,8,1,7,,15632,1,0,8,1,7,,15634,1,0,8,1,7,,15636,1,0,8,1,7,,15638,1,0,8,1,11,3,15641,1,0,8,1,53,3,15643,1,0,8,1,15,3,15645,1,0,8,1,15,3,15647,1,0,8,1,15,3,15649,1,0,8,1,55,2,15651,1,0,8,1,15,3,15653,1,0,8,1,15,3,15655,1,0,8,1,15,3,15657,1,0,8,1,55,3,15659,1,0,8,1,15,3,15661,1,0,8,1,15,3,15663,1,0,8,1,15,2,15665,1,0,8,1,55,3,15667,1,0,8,1,15,3,15669,1,0,8,1,15,3,15671,1,0,8,1,15,3,15673,1,0,8,1,55,3,15675,1,0,8,1,15,3,15677,1,0,8,1,15,3,15679,1,0,8,1,14,3,15681,1,0,8,1,8,,15683,1,0,8,1,47,3,15685,1,0,8,1,7,,15687,1,0,8,1,7,3,15689,1,0,8,1,7,1,15691,1,0,8,1,7,,15693,1,0,8,1,7,,15695,1,0,8,1,7,,15697,1,0,8,1,7,,15699,1,0,8,1,47,41,15701,1,0,8,1,7,,15703,1,0,8,1,7,,15705,1,0,8,1,7,,15707,1,0,8,1,7,,15709,1,0,8,1,7,,15711,1,0,8,1,7,,15713,1,0,8,1,7,,15715,1,0,8,1,7,,15717,1,0,8,1,47,,15719,1,0,8,1,7,,15721,1,0,8,1,7,,15723,1,0,8,1,7,,15725,1,0,8,1,7,,15727,1,0,8,1,7,,15729,1,0,8,1,7,,15731,1,0,8,1,7,,15733,1,0,8,1,7,,15735,1,0,8,1,47,,15737,1,0,8,1,7,,15739,1,0,8,1,7,,15741,1,0,8,1,8,2,15743,1,0,8,1,9,3,15745,1,0,8,1,10,3,15747,1,0,8,1,5,3,15748,1,0,8,1,52,1,15750,1,0,8,1,15,2,15752,1,0,8,1,15,3,15754,1,0,8,1,15,3,15756,1,0,8,1,55,3,15758,1,0,8,1,15,3,15760,1,0,8,1,15,3,15762,1,0,8,1,15,2,15764,1,0,8,1,55,2,15766,1,0,8,1,15,3,15768,1,0,8,1,15,3,15770,1,0,8,1,15,3,15772,1,0,8,1,55,3,15774,1,0,8,1,15,3,15776,1,0,8,1,15,3,15778,1,0,8,1,15,3,15780,1,0,8,1,55,3,15782,1,0,8,1,15,3,15784,1,0,8,1,15,3,15786,1,0,8,1,15,3,15788,1,0,8,1,55,3,15790,1,0,8,1,15,3,15792,1,0,8,1,13,3,15794,1,0,8,1
