400100,'ES-OuvertureTardive-RDS-16A140',753,,17769,7,0,7,1,48,,17770,7,0,9,1,7,,17771,7,0,7,1,8,,17772,7,0,9,1,7,,17773,7,0,7,1,8,,17774,7,0,9,1,7,,17775,7,0,7,1,8,,17776,7,0,9,1,7,,17777,7,0,7,1,48,,17778,7,0,9,1,7,,17779,7,0,7,1,8,,17780,7,0,9,1,7,,17781,7,0,7,1,8,,17782,7,0,9,1,7,,17783,7,0,7,1,8,,17784,7,0,9,1,7,,17785,7,0,7,1,48,,17786,7,0,9,1,7,,17787,7,0,7,1,8,,17788,7,0,9,1,7,,17789,7,0,7,1,8,,17790,7,0,9,1,7,,17791,7,0,7,1,8,,17792,7,0,9,1,7,,17793,7,0,7,1,48,,17794,7,0,9,1,7,,17795,7,0,7,1,8,,17796,7,0,9,1,7,,17797,7,0,7,1,8,,17798,7,0,9,1,7,,17799,7,0,7,1,8,,17800,7,0,9,1,7,,17801,7,0,7,1,48,,17802,7,0,9,1,7,,17803,7,0,7,1,8,,17804,7,0,9,1,7,,17805,7,0,7,1,8,,17806,7,0,9,1,7,,17807,7,0,7,1,8,,17808,7,0,9,1,7,,17809,7,0,7,1,48,,17810,7,0,9,1,7,,17811,7,0,7,1,8,,17812,7,0,9,1,7,,17813,7,0,7,1,8,,17814,7,0,9,1,7,,17815,7,0,7,1,8,,17816,7,0,9,1,7,,17817,7,0,7,1,48,,17818,7,0,9,1,7,,17819,7,0,7,1,8,,17820,7,0,9,1,7,,17821,7,0,7,1,8,,17822,7,0,9,1,7,,17823,7,0,7,1,8,,17824,7,0,9,1,7,,17825,7,0,7,1,48,,17826,7,0,9,1,7,,17827,7,0,7,1,8,,17828,7,0,9,1,7,,17829,7,0,7,1,8,,17830,7,0,9,1,7,,17831,7,0,7,1,8,,17832,7,0,9,1,7,,17833,7,0,7,1,48,,17834,7,0,9,1,7,,17835,7,0,7,1,8,,17836,7,0,9,1,7,,17837,7,0,7,1,8,,17838,7,0,9,1,7,,17839,7,0,7,1,8,,17840,7,0,9,1,7,,17841,7,0,7,1,48,,17842,7,0,9,1,7,,17843,7,0,7,1,8,,17844,7,0,9,1,7,,17845,7,0,7,1,8,,17846,7,0,9,1,7,,17847,7,0,7,1,8,,17848,7,0,9,1,7,,17849,7,0,7,1,48,,17850,7,0,9,1,7,,17851,7,0,7,1,8,,17852,7,0,9,1,7,,17853,7,0,7,1,8,,17854,7,0,9,1,7,,17855,7,0,7,1,8,,17856,7,0,9,1,7,,17857,7,0,7,1,48,,17858,7,0,9,1,7,,17859,7,0,7,1,8,,17860,7,0,9,1,7,,17861,7,0,7,1,8,,17862,7,0,9,1,7,,17863,7,0,7,1,8,,17864,7,0,9,1,7,,17865,7,0,7,1,48,,17866,7,0,9,1,7,,17867,7,0,7,1,8,,17868,7,0,9,1,7,,17869,7,0,7,1,8,,17870,7,0,9,1,7,,17871,7,0,7,1,8,,17872,7,0,9,1,7,,17873,7,0,7,1,48,,17874,7,0,9,1,7,,17875,7,0,7,1,8,,17876,7,0,9,1,7,,17877,7,0,7,1,8,,17878,7,0,9,1,7,,17879,7,0,7,1,8,,17880,7,0,9,1,7,,17881,7,0,7,1,48,,17882,7,0,9,1,7,,17883,7,0,7,1,8,,17884,7,0,9,1,7,,17885,7,0,7,1,8,,17886,7,0,9,1,7,,17887,7,0,7,1,8,,17888,7,0,9,1,7,,17889,7,0,7,1,48,,17890,7,0,9,1,7,,17891,7,0,7,1,8,,17892,7,0,9,1,7,,17893,7,0,7,1,8,,17894,7,0,9,1,7,,17895,7,0,7,1,8,,17896,7,0,9,1,7,,17897,7,0,7,1,48,,17898,7,0,9,1,7,,17899,7,0,5,1,8,,17900,7,0,9,1,7,,17901,7,0,7,1,8,,17902,7,0,9,1,6,,17903,7,0,5,1,8,,17904,7,0,9,1,7,,17905,7,0,7,1,48,40,17906,7,0,7,1,7,,17907,7,0,9,1,8,,17908,7,0,7,1
400100,'ES-OuvertureTardive-RDS-16A144',753,,17909,7,0,7,1,48,,17910,7,0,9,1,7,,17911,7,0,7,1,8,,17912,7,0,9,1,7,,17913,7,0,7,1,8,,17914,7,0,9,1,7,,17915,7,0,7,1,8,,17916,7,0,9,1,7,,17917,7,0,7,1,48,,17918,7,0,9,1,7,,17919,7,0,7,1,8,,17920,7,0,9,1,7,,17921,7,0,7,1,8,,17922,7,0,9,1,7,,17923,7,0,7,1,8,,17924,7,0,9,1,7,,17925,7,0,7,1,48,,17926,7,0,9,1,7,,17927,7,0,7,1,8,,17928,7,0,9,1,7,,17929,7,0,7,1,8,,17930,7,0,9,1,7,,17931,7,0,7,1,8,,17932,7,0,9,1,7,,17933,7,0,7,1,48,,17934,7,0,9,1,7,,17935,7,0,7,1,8,,17936,7,0,9,1,7,,17937,7,0,7,1,8,,17938,7,0,9,1,7,,17939,7,0,7,1,8,,17940,7,0,9,1,7,,17941,7,0,7,1,48,,17942,7,0,9,1,7,,17943,7,0,7,1,8,,17944,7,0,9,1,7,,17945,7,0,7,1,8,,17946,7,0,9,1,7,,17947,7,0,7,1,8,,17948,7,0,9,1,7,,17949,7,0,7,1,48,,17950,7,0,9,1,7,,17951,7,0,7,1,8,,17952,7,0,9,1,7,,17953,7,0,7,1,8,,17954,7,0,9,1,7,,17955,7,0,7,1,8,,17956,7,0,9,1,7,,17957,7,0,7,1,48,,17958,7,0,9,1,7,,17959,7,0,7,1,8,,17960,7,0,9,1,7,,17961,7,0,7,1,8,,17962,7,0,9,1,7,,17963,7,0,7,1,8,,17964,7,0,9,1,7,,17965,7,0,7,1,48,,17966,7,0,9,1,7,,17967,7,0,7,1,8,,17968,7,0,9,1,7,,17969,7,0,7,1,8,,17970,7,0,9,1,7,,17971,7,0,7,1,8,,17972,7,0,9,1,7,,17973,7,0,7,1,48,,17974,7,0,9,1,7,,17975,7,0,7,1,8,,17976,7,0,9,1,7,,17977,7,0,7,1,8,,17978,7,0,9,1,7,,17979,7,0,7,1,8,,17980,7,0,9,1,7,,17981,7,0,7,1,48,,17982,7,0,9,1,7,,17983,7,0,7,1,8,,17984,7,0,9,1,7,,17985,7,0,7,1,8,,17986,7,0,9,1,7,,17987,7,0,7,1,8,,17988,7,0,9,1,7,,17989,7,0,7,1,48,,17990,7,0,9,1,7,,17991,7,0,7,1,8,,17992,7,0,9,1,7,,17993,7,0,7,1,8,,17994,7,0,9,1,7,,17995,7,0,7,1,8,,17996,7,0,9,1,7,,17997,7,0,7,1,48,,17998,7,0,9,1,7,,17999,7,0,7,1,8,,18000,7,0,9,1,7,,18001,7,0,7,1,8,,18002,7,0,9,1,7,,18003,7,0,7,1,8,,18004,7,0,9,1,7,,18005,7,0,7,1,48,,18006,7,0,9,1,7,,18007,7,0,7,1,8,,18008,7,0,9,1,7,,18009,7,0,7,1,8,,18010,7,0,9,1,7,,18011,7,0,7,1,8,,18012,7,0,9,1,7,,18013,7,0,7,1,48,,18014,7,0,9,1,7,,18015,7,0,7,1,8,,18016,7,0,9,1,7,,18017,7,0,7,1,8,,18018,7,0,9,1,7,,18019,7,0,7,1,8,,18020,7,0,9,1,7,,18021,7,0,7,1,48,,18022,7,0,9,1,7,,18023,7,0,7,1,8,,18024,7,0,9,1,7,,18025,7,0,7,1,8,,18026,7,0,9,1,7,,18027,7,0,7,1,8,,18028,7,0,9,1,7,,18029,7,0,7,1,48,,18030,7,0,9,1,7,,18031,7,0,7,1,8,,18032,7,0,9,1,7,,18033,7,0,7,1,8,,18034,7,0,9,1,7,,18035,7,0,7,1,8,,18036,7,0,9,1,7,,18037,7,0,7,1,48,,18038,7,0,9,1,7,,18039,7,0,7,1,8,,18040,7,0,9,1,7,,18041,7,0,7,1,8,,18042,7,0,9,1,7,,18043,7,0,5,1,8,,18044,7,0,9,1,7,,18045,7,0,7,1,48,,18046,7,0,9,1,6,,18047,7,0,5,1,8,,18048,7,0,9,1,7,,18049,7,0,7,1,8,,18050,7,0,7,1,7,,18051,7,0,9,1,8,,18052,7,0,7,1
400100,'16B156',553,,14715,7,0,7,1,48,,14716,7,0,9,1,7,,14717,7,0,7,1,8,,14718,7,0,9,1,7,,14719,7,0,7,1,8,,14720,7,0,9,1,7,,14721,7,0,7,1,8,,14722,7,0,9,1,7,,14723,7,0,7,1,48,,14724,7,0,9,1,7,,14725,7,0,7,1,8,,14726,7,0,9,1,7,,14727,7,0,7,1,8,,14728,7,0,9,1,7,,14729,7,0,7,1,8,,14730,7,0,9,1,7,,14731,7,0,7,1,48,,14732,7,0,9,1,7,,14733,7,0,7,1,8,,14734,7,0,9,1,7,,14735,7,0,7,1,8,,14736,7,0,9,1,7,,14737,7,0,7,1,8,,14738,7,0,9,1,7,,14739,7,0,7,1,48,,14740,7,0,9,1,7,,14741,7,0,7,1,8,,14742,7,0,9,1,7,,14743,7,0,7,1,8,,14744,7,0,9,1,7,,14745,7,0,7,1,8,,14746,7,0,9,1,7,,14747,7,0,7,1,48,,14748,7,0,9,1,7,,14749,7,0,7,1,8,,14750,7,0,9,1,7,,14751,7,0,7,1,8,,14752,7,0,9,1,7,,14753,7,0,7,1,8,,14754,7,0,9,1,7,,14755,7,0,7,1,48,,14756,7,0,9,1,7,,14757,7,0,7,1,8,,14758,7,0,9,1,7,,14759,7,0,7,1,8,,14760,7,0,9,1,7,,14761,7,0,7,1,8,,14762,7,0,9,1,7,,14763,7,0,7,1,48,,14764,7,0,9,1,7,,14765,7,0,7,1,8,,14766,7,0,9,1,7,,14767,7,0,7,1,8,,14768,7,0,9,1,7,,14769,7,0,7,1,8,,14770,7,0,9,1,7,,14771,7,0,7,1,48,,14772,7,0,9,1,7,,14773,7,0,7,1,8,,14774,7,0,9,1,7,,14775,7,0,7,1,8,,14776,7,0,9,1,7,,14777,7,0,7,1,8,,14778,7,0,9,1,7,,14779,7,0,7,1,48,,14780,7,0,9,1,7,,14781,7,0,7,1,8,,14782,7,0,9,1,7,,14783,7,0,7,1,8,,14784,7,0,9,1,7,,14785,7,0,7,1,8,,14786,7,0,9,1,7,,14787,7,0,7,1,48,,14788,7,0,9,1,7,,14789,7,0,7,1,8,,14790,7,0,9,1,7,,14791,7,0,7,1,8,,14792,7,0,9,1,7,,14793,7,0,7,1,8,,14794,7,0,9,1,7,,14795,7,0,7,1,48,,14796,7,0,9,1,7,,14797,7,0,7,1,8,,14798,7,0,9,1,7,,14799,7,0,7,1,8,,14800,7,0,9,1,7,,14801,7,0,7,1,8,,14802,7,0,9,1,7,,14803,7,0,7,1,48,,14804,7,0,9,1,7,,14805,7,0,7,1,8,,14806,7,0,9,1,7,,14807,7,0,7,1,8,,14808,7,0,9,1,7,,14809,7,0,7,1,8,,14810,7,0,9,1,7,,14811,7,0,7,1,48,,14812,7,0,9,1,7,,14813,7,0,7,1,8,,14814,7,0,9,1,7,,14815,7,0,7,1,8,,14816,7,0,9,1,7,,14817,7,0,7,1,8,,14818,7,0,9,1,7,,14819,7,0,7,1,48,,14820,7,0,9,1,7,,14821,7,0,7,1,8,,14822,7,0,9,1,7,,14823,7,0,7,1,8,,14824,7,0,9,1,7,,14825,7,0,7,1,8,,14826,7,0,9,1,7,,14827,7,0,7,1,48,,14828,7,0,9,1,7,,14829,7,0,7,1,8,,14830,7,0,9,1,7,,14831,7,0,7,1,8,,14832,7,0,9,1,7,,14833,7,0,7,1,8,,14834,7,0,9,1,7,,14835,7,0,7,1,48,,14836,7,0,9,1,7,,14837,7,0,7,1,8,,14838,7,0,9,1,7,,14839,7,0,7,1,8,,14840,7,0,9,1,7,,14841,7,0,7,1,8,,14842,7,0,9,1,7,,14843,7,0,7,1,48,,14844,7,0,9,1,7,,14845,7,0,7,1,8,,14846,7,0,9,1,7,,14847,7,0,7,1,8,,14848,7,0,9,1,7,,14849,7,0,7,1,8,,14850,7,0,9,1,7,,14851,7,0,7,1,48,,14852,7,0,9,1,7,,14853,7,0,7,1,8,,14854,7,0,9,1,7,,14855,7,0,7,1,8,,14856,7,0,9,1,7,,14857,7,0,7,1,8,,14858,7,0,9,1,7,,14859,7,0,7,1,47,,14860,7,0,9,1,8,,14861,7,0,5,1,8,,14862,7,0,9,1,7,,14863,7,0,7,1,8,,14864,7,0,9,1,6,,14865,7,0,5,1,8,,14866,7,0,9,1,7,,14867,7,0,7,1,48,40,14868,7,0,9,1,7,,14869,7,0,7,1,8,,14870,7,0,7,1
400100,'16B160',553,,14871,7,0,7,1,48,,14872,7,0,9,1,7,,14873,7,0,7,1,8,,14874,7,0,9,1,7,,14875,7,0,7,1,8,,14876,7,0,9,1,7,,14877,7,0,7,1,8,,14878,7,0,9,1,7,,14879,7,0,7,1,48,,14880,7,0,9,1,7,,14881,7,0,7,1,8,,14882,7,0,9,1,7,,14883,7,0,7,1,8,,14884,7,0,9,1,7,,14885,7,0,7,1,8,,14886,7,0,9,1,7,,14887,7,0,7,1,48,,14888,7,0,9,1,7,,14889,7,0,7,1,8,,14890,7,0,9,1,7,,14891,7,0,7,1,8,,14892,7,0,9,1,7,,14893,7,0,7,1,8,,14894,7,0,9,1,7,,14895,7,0,7,1,48,,14896,7,0,9,1,7,,14897,7,0,7,1,8,,14898,7,0,9,1,7,,14899,7,0,7,1,8,,14900,7,0,9,1,7,,14901,7,0,7,1,8,,14902,7,0,9,1,7,,14903,7,0,7,1,48,,14904,7,0,9,1,7,,14905,7,0,7,1,8,,14906,7,0,9,1,7,,14907,7,0,7,1,8,,14908,7,0,9,1,7,,14909,7,0,7,1,8,,14910,7,0,9,1,7,,14911,7,0,7,1,48,,14912,7,0,9,1,7,,14913,7,0,7,1,8,,14914,7,0,9,1,7,,14915,7,0,7,1,8,,14916,7,0,9,1,7,,14917,7,0,7,1,8,,14918,7,0,9,1,7,,14919,7,0,7,1,48,,14920,7,0,9,1,7,,14921,7,0,7,1,8,,14922,7,0,9,1,7,,14923,7,0,7,1,8,,14924,7,0,9,1,7,,14925,7,0,7,1,8,,14926,7,0,9,1,7,,14927,7,0,7,1,48,,14928,7,0,9,1,7,,14929,7,0,7,1,8,,14930,7,0,9,1,7,,14931,7,0,7,1,8,,14932,7,0,9,1,7,,14933,7,0,7,1,8,,14934,7,0,9,1,7,,14935,7,0,7,1,48,,14936,7,0,9,1,7,,14937,7,0,7,1,8,,14938,7,0,9,1,7,,14939,7,0,7,1,8,,14940,7,0,9,1,7,,14941,7,0,7,1,8,,14942,7,0,9,1,7,,14943,7,0,7,1,48,,14944,7,0,9,1,7,,14945,7,0,7,1,8,,14946,7,0,9,1,7,,14947,7,0,7,1,8,,14948,7,0,9,1,7,,14949,7,0,7,1,8,,14950,7,0,9,1,7,,14951,7,0,7,1,48,,14952,7,0,9,1,7,,14953,7,0,7,1,8,,14954,7,0,9,1,7,,14955,7,0,7,1,8,,14956,7,0,9,1,7,,14957,7,0,7,1,8,,14958,7,0,9,1,7,,14959,7,0,7,1,48,,14960,7,0,9,1,7,,14961,7,0,7,1,8,,14962,7,0,9,1,7,,14963,7,0,7,1,8,,14964,7,0,9,1,7,,14965,7,0,7,1,8,,14966,7,0,9,1,7,,14967,7,0,7,1,48,,14968,7,0,9,1,7,,14969,7,0,7,1,8,,14970,7,0,9,1,7,,14971,7,0,7,1,8,,14972,7,0,9,1,7,,14973,7,0,7,1,8,,14974,7,0,9,1,7,,14975,7,0,7,1,48,,14976,7,0,9,1,7,,14977,7,0,7,1,8,,14978,7,0,9,1,7,,14979,7,0,7,1,8,,14980,7,0,9,1,7,,14981,7,0,7,1,8,,14982,7,0,9,1,7,,14983,7,0,7,1,48,,14984,7,0,9,1,7,,14985,7,0,7,1,8,,14986,7,0,9,1,7,,14987,7,0,7,1,8,,14988,7,0,9,1,7,,14989,7,0,7,1,8,,14990,7,0,9,1,7,,14991,7,0,7,1,48,,14992,7,0,9,1,7,,14993,7,0,7,1,8,,14994,7,0,9,1,7,,14995,7,0,7,1,8,,14996,7,0,9,1,7,,14997,7,0,7,1,8,,14998,7,0,9,1,7,,14999,7,0,7,1,48,,15000,7,0,9,1,7,,15001,7,0,7,1,8,,15002,7,0,9,1,7,,15003,7,0,7,1,8,,15004,7,0,9,1,7,,15005,7,0,7,1,8,,15006,7,0,9,1,7,,15007,7,0,7,1,48,,15008,7,0,9,1,7,,15009,7,0,7,1,8,,15010,7,0,9,1,7,,15011,7,0,7,1,8,,15012,7,0,9,1,7,,15013,7,0,7,1,8,,15014,7,0,9,1,7,,15015,7,0,7,1,48,,15016,7,0,9,1,7,,15017,7,0,7,1,8,,15018,7,0,9,1,7,,15019,7,0,7,1,7,,15020,7,0,9,1,8,,15021,7,0,5,1,8,,15022,7,0,9,1,7,,15023,7,0,7,1,48,,15024,7,0,9,1,6,,15025,7,0,5,1,8,,15026,7,0,9,1,7,,15027,7,0,7,1,8,,15028,7,0,9,1,7,,15029,7,0,7,1,8,,15030,7,0,7,1
400100,'32B220',553,,15031,7,0,9,1,48,,15032,7,0,7,1,7,,15033,7,0,9,1,8,,15034,7,0,7,1,7,,15035,7,0,9,1,8,,15036,7,0,7,1,7,,15037,7,0,9,1,4,,15038,7,0,5,1,4,,15039,7,0,7,1,3,,15040,7,0,9,1,4,,15041,7,0,7,1,3,,15042,7,0,5,1,44,40,15043,7,0,7,1,3,,15044,7,0,9,1,4,,15045,7,0,7,1,3,,15046,7,0,5,1,4,,15047,7,0,7,1,3,,15048,7,0,9,1,4,,15049,7,0,7,1,3,,15050,7,0,5,1,4,,15051,7,0,7,1,3,,15052,7,0,9,1,4,,15053,7,0,7,1,3,,15054,7,0,5,1,4,,15055,7,0,7,1,3,,15056,7,0,9,1,4,,15057,7,0,7,1,3,,15058,7,0,5,1,4,,15059,7,0,7,1,3,,15060,7,0,9,1,44,,15061,7,0,7,1,3,,15062,7,0,5,1,4,,15063,7,0,7,1,3,,15064,7,0,9,1,4,,15065,7,0,7,1,3,,15066,7,0,5,1,4,,15067,7,0,7,1,3,,15068,7,0,9,1,4,,15069,7,0,7,1,3,,15070,7,0,5,1,4,,15071,7,0,7,1,3,,15072,7,0,9,1,4,,15073,7,0,7,1,3,,15074,7,0,5,1,4,,15075,7,0,7,1,3,,15076,7,0,9,1,4,,15077,7,0,7,1,43,,15078,7,0,5,1,4,,15079,7,0,7,1,3,,15080,7,0,9,1,4,,15081,7,0,7,1,3,,15082,7,0,5,1,4,,15083,7,0,7,1,3,,15084,7,0,9,1,4,,15085,7,0,7,1,3,,15086,7,0,5,1,4,,15087,7,0,7,1,3,,15088,7,0,9,1,4,,15089,7,0,7,1,3,,15090,7,0,5,1,4,,15091,7,0,7,1,3,,15092,7,0,9,1,5,,15093,7,0,7,1,47,,15094,7,0,9,1,7,,15095,7,0,7,1,8,,15096,7,0,9,1,7,,15097,7,0,7,1,8,,15098,7,0,9,1,7,,15099,7,0,7,1,8,,15100,7,0,9,1,7,,15101,7,0,7,1,48,,15102,7,0,9,1,7,,15103,7,0,7,1,8,,15104,7,0,9,1,7,,15105,7,0,7,1,8,,15106,7,0,9,1,7,,15107,7,0,7,1,8,,15108,7,0,9,1,7,,15109,7,0,7,1,48,,15110,7,0,9,1,7,,15111,7,0,7,1,8,,15112,7,0,9,1,7,,15113,7,0,7,1,8,,15114,7,0,9,1,7,,15115,7,0,7,1,8,,15116,7,0,9,1,7,,15117,7,0,7,1,48,,15118,7,0,9,1,7,,15119,7,0,7,1,8,,15120,7,0,9,1,7,,15121,7,0,7,1,8,,15122,7,0,9,1,7,,15123,7,0,7,1,8,,15124,7,0,9,1,7,,15125,7,0,7,1,48,,15126,7,0,9,1,7,,15127,7,0,7,1,8,,15128,7,0,9,1,7,,15129,7,0,7,1,8,,15130,7,0,9,1,7,,15131,7,0,7,1,6,,15132,7,0,9,1,3,,15133,7,0,7,1,4,,15134,7,0,9,1,4,,15135,7,0,7,1,43,40,15136,7,0,5,1,4,,15137,7,0,7,1,3,,15138,7,0,9,1,4,,15139,7,0,7,1,3,,15140,7,0,5,1,4,,15141,7,0,7,1,3,,15142,7,0,9,1,4,,15143,7,0,7,1,3,,15144,7,0,5,1,4,,15145,7,0,7,1,3,,15146,7,0,9,1,4,,15147,7,0,7,1,3,,15148,7,0,5,1,4,,15149,7,0,7,1,3,,15150,7,0,9,1,4,,15151,7,0,7,1,3,,15152,7,0,5,1,44,40,15153,7,0,7,1,3,,15154,7,0,9,1,4,,15155,7,0,7,1,3,,15156,7,0,5,1,4,,15157,7,0,7,1,3,,15158,7,0,9,1,4,,15159,7,0,7,1,3,,15160,7,0,5,1,4,,15161,7,0,7,1,3,,15162,7,0,9,1,4,,15163,7,0,7,1,3,,15164,7,0,5,1,4,,15165,7,0,7,1,3,,15166,7,0,9,1,4,,15167,7,0,7,1,3,,15168,7,0,5,1,4,,15169,7,0,7,1,3,,15170,7,0,9,1,44,,15171,7,0,7,1,3,,15172,7,0,5,1,4,,15173,7,0,7,1,3,,15174,7,0,9,1,4,,15175,7,0,7,1,3,,15176,7,0,5,1,4,,15177,7,0,7,1,3,,15178,7,0,9,1,4,,15179,7,0,7,1,3,,15180,7,0,5,1,4,,15181,7,0,7,1,3,,15182,7,0,9,1,4,,15183,7,0,7,1,3,,15184,7,0,5,1,4,,15185,7,0,7,1,3,,15186,7,0,9,1,4,,15187,7,0,7,1,43,,15188,7,0,5,1,4,,15189,7,0,7,1,3,,15190,7,0,9,1,4,,15191,7,0,7,1,3,,15192,7,0,5,1,4,,15193,7,0,7,1,3,,15194,7,0,9,1,4,,15195,7,0,7,1,5,,15196,7,0,9,1,7,,15197,7,0,7,1,8,,15198,7,0,9,1,7,,15199,7,0,7,1,48,,15200,7,0,9,1,7,,15201,7,0,7,1,8,,15202,7,0,9,1,7,,15203,7,0,7,1,8,,15204,7,0,9,1,7,,15205,7,0,7,1,8,,15206,7,0,9,1,7,,15207,7,0,7,1,48,,15208,7,0,9,1,7,,15209,7,0,7,1,8,,15210,7,0,9,1,5,,15211,7,0,7,1,8,,15212,7,0,9,1,7,,15213,7,0,7,1,8,,15214,7,0,9,1,7,,15215,7,0,7,1,48,40,15216,7,0,9,1,7,,15217,7,0,7,1,8,,15218,7,0,9,1,7,,15219,7,0,7,1,8,,15220,7,0,9,1,7,,15221,7,0,7,1,8,,15222,7,0,9,1,7,,15223,7,0,7,1,48,40,15224,7,0,9,1,7,,15225,7,0,7,1,8,,15226,7,0,9,1,7,,15227,7,0,7,1,8,,15228,7,0,9,1,7,,15229,7,0,7,1,8,,15230,7,0,9,1,7,,15231,7,0,7,1,48,40,15232,7,0,9,1,7,,15233,7,0,7,1,8,,15234,7,0,9,1,7,,15235,7,0,7,1,8,,15236,7,0,9,1,7,,15237,7,0,7,1,8,,15238,7,0,9,1,7,,15239,7,0,7,1,48,40,15240,7,0,9,1,7,,15241,7,0,7,1,8,,15242,7,0,9,1,7,,15243,7,0,7,1,8,,15244,7,0,9,1,7,,15245,7,0,7,1,8,,15246,7,0,9,1,7,,15247,7,0,7,1,48,40,15248,7,0,9,1,7,,15249,7,0,7,1,8,,15250,7,0,7,1
400101,'ES-OuvertureTardive-RDS-16A140',801,,18057,13,0,8,1,7,,18058,11,0,8,1,8,,18059,13,0,8,1,8,,18060,11,0,8,1,7,,18061,13,0,8,1,8,,18062,11,0,8,1,7,,18063,13,0,8,1,8,,18064,11,0,8,1,47,,18065,13,0,8,1,8,,18066,11,0,8,1,7,,18067,13,0,8,1,8,,18068,11,0,8,1,7,,18069,13,0,8,1,8,,18070,11,0,8,1,7,,18071,13,0,8,1,8,,18072,11,0,8,1,47,,18073,13,0,8,1,8,,18074,11,0,8,1,7,,18075,13,0,8,1,8,,18076,11,0,8,1,7,,18077,13,0,8,1,8,,18078,11,0,8,1,7,,18079,13,0,8,1,8,,18080,11,0,8,1,47,,18081,13,0,8,1,8,,18082,11,0,8,1,7,,18083,13,0,8,1,8,,18084,11,0,8,1,7,,18085,13,0,8,1,8,,18086,11,0,8,1,7,,18087,13,0,8,1,8,,18088,11,0,8,1,47,,18089,13,0,8,1,8,,18090,11,0,8,1,7,,18091,13,0,8,1,8,,18092,11,0,8,1,7,,18093,13,0,8,1,8,,18094,11,0,8,1,7,,18095,13,0,8,1,8,,18096,11,0,8,1,47,,18097,13,0,8,1,8,,18098,11,0,8,1,7,,18099,13,0,8,1,8,,18100,11,0,8,1,7,,18101,13,0,8,1,8,,18102,11,0,8,1,7,,18103,13,0,8,1,8,,18104,11,0,8,1,47,,18105,13,0,8,1,8,,18106,11,0,8,1,7,,18107,13,0,8,1,8,,18108,11,0,8,1,7,,18109,13,0,8,1,8,,18110,11,0,8,1,7,,18111,13,0,8,1,8,,18112,11,0,8,1,47,,18113,13,0,8,1,8,,18114,11,0,8,1,7,,18115,13,0,8,1,8,,18116,11,0,8,1,7,,18117,13,0,8,1,8,,18118,11,0,8,1,7,,18119,13,0,8,1,8,,18120,11,0,8,1,47,,18121,13,0,8,1,8,,18122,11,0,8,1,7,,18123,13,0,8,1,8,,18124,11,0,8,1,7,,18125,13,0,8,1,8,,18126,11,0,8,1,7,,18127,13,0,8,1,8,,18128,11,0,8,1,47,,18129,13,0,8,1,8,,18130,11,0,8,1,7,,18131,13,0,8,1,8,,18132,11,0,8,1,7,,18133,13,0,8,1,8,,18134,11,0,8,1,7,,18135,13,0,8,1,8,,18136,11,0,8,1,47,,18137,13,0,8,1,8,,18138,11,0,8,1,7,,18139,13,0,8,1,8,,18140,11,0,8,1,7,,18141,13,0,8,1,8,,18142,11,0,8,1,7,,18143,13,0,8,1,8,,18144,11,0,8,1,47,,18145,13,0,8,1,8,,18146,11,0,8,1,7,,18147,13,0,8,1,8,,18148,11,0,8,1,7,,18149,13,0,8,1,8,,18150,11,0,8,1,7,,18151,13,0,8,1,8,,18152,11,0,8,1,47,,18153,13,0,8,1,8,,18154,11,0,8,1,7,,18155,13,0,8,1,8,,18156,11,0,8,1,7,,18157,13,0,8,1,8,,18158,11,0,8,1,7,,18159,13,0,8,1,8,,18160,11,0,8,1,47,,18161,13,0,8,1,8,,18162,11,0,8,1,7,,18163,13,0,8,1,8,,18164,11,0,8,1,7,,18165,13,0,8,1,8,,18166,11,0,8,1,7,,18167,13,0,8,1,8,,18168,11,0,8,1,47,,18169,13,0,8,1,8,,18170,11,0,8,1,7,,18171,13,0,8,1,8,,18172,11,0,8,1,7,,18173,13,0,8,1,8,,18174,11,0,8,1,7,,18175,13,0,8,1,8,,18176,11,0,8,1,47,,18177,13,0,8,1,8,,18178,11,0,8,1,7,,18179,13,0,8,1,8,,18180,11,0,8,1,7,,18181,13,0,8,1,8,,18182,11,0,8,1,7,,18183,13,0,8,1,8,,18184,11,0,8,1,47,,18185,13,0,8,1,8,,18186,11,0,8,1,7,,18187,13,0,8,1,8,,18188,11,0,8,1,7,,18189,13,0,8,1,5,,18190,11,0,8,1,4,,18191,7,0,8,1,6,,18192,13,0,8,1,7,,18193,11,0,8,1,47,40,18194,13,0,8,1,5,,18195,11,0,8,1,4,,18196,7,0,8,1
400101,'ES-OuvertureTardive-RDS-16A144',801,,18201,13,0,8,1,7,,18202,11,0,8,1,8,,18203,13,0,8,1,7,,18204,11,0,8,1,8,,18205,13,0,8,1,7,,18206,11,0,8,1,8,,18207,13,0,8,1,7,,18208,11,0,8,1,48,,18209,13,0,8,1,7,,18210,11,0,8,1,8,,18211,13,0,8,1,7,,18212,11,0,8,1,8,,18213,13,0,8,1,7,,18214,11,0,8,1,8,,18215,13,0,8,1,7,,18216,11,0,8,1,48,,18217,13,0,8,1,7,,18218,11,0,8,1,8,,18219,13,0,8,1,7,,18220,11,0,8,1,8,,18221,13,0,8,1,7,,18222,11,0,8,1,8,,18223,13,0,8,1,7,,18224,11,0,8,1,48,,18225,13,0,8,1,7,,18226,11,0,8,1,8,,18227,13,0,8,1,7,,18228,11,0,8,1,8,,18229,13,0,8,1,7,,18230,11,0,8,1,8,,18231,13,0,8,1,7,,18232,11,0,8,1,48,,18233,13,0,8,1,7,,18234,11,0,8,1,8,,18235,13,0,8,1,7,,18236,11,0,8,1,8,,18237,13,0,8,1,7,,18238,11,0,8,1,8,,18239,13,0,8,1,7,,18240,11,0,8,1,48,,18241,13,0,8,1,7,,18242,11,0,8,1,8,,18243,13,0,8,1,7,,18244,11,0,8,1,8,,18245,13,0,8,1,7,,18246,11,0,8,1,8,,18247,13,0,8,1,7,,18248,11,0,8,1,48,,18249,13,0,8,1,7,,18250,11,0,8,1,8,,18251,13,0,8,1,7,,18252,11,0,8,1,8,,18253,13,0,8,1,7,,18254,11,0,8,1,8,,18255,13,0,8,1,7,,18256,11,0,8,1,48,,18257,13,0,8,1,7,,18258,11,0,8,1,8,,18259,13,0,8,1,7,,18260,11,0,8,1,8,,18261,13,0,8,1,7,,18262,11,0,8,1,8,,18263,13,0,8,1,7,,18264,11,0,8,1,48,,18265,13,0,8,1,7,,18266,11,0,8,1,8,,18267,13,0,8,1,7,,18268,11,0,8,1,8,,18269,13,0,8,1,7,,18270,11,0,8,1,8,,18271,13,0,8,1,7,,18272,11,0,8,1,48,,18273,13,0,8,1,7,,18274,11,0,8,1,8,,18275,13,0,8,1,7,,18276,11,0,8,1,8,,18277,13,0,8,1,7,,18278,11,0,8,1,8,,18279,13,0,8,1,7,,18280,11,0,8,1,48,,18281,13,0,8,1,7,,18282,11,0,8,1,8,,18283,13,0,8,1,7,,18284,11,0,8,1,8,,18285,13,0,8,1,7,,18286,11,0,8,1,8,,18287,13,0,8,1,7,,18288,11,0,8,1,48,,18289,13,0,8,1,7,,18290,11,0,8,1,8,,18291,13,0,8,1,7,,18292,11,0,8,1,8,,18293,13,0,8,1,7,,18294,11,0,8,1,8,,18295,13,0,8,1,7,,18296,11,0,8,1,48,,18297,13,0,8,1,7,,18298,11,0,8,1,8,,18299,13,0,8,1,7,,18300,11,0,8,1,8,,18301,13,0,8,1,7,,18302,11,0,8,1,8,,18303,13,0,8,1,7,,18304,11,0,8,1,48,,18305,13,0,8,1,7,,18306,11,0,8,1,8,,18307,13,0,8,1,7,,18308,11,0,8,1,8,,18309,13,0,8,1,7,,18310,11,0,8,1,8,,18311,13,0,8,1,7,,18312,11,0,8,1,48,,18313,13,0,8,1,7,,18314,11,0,8,1,8,,18315,13,0,8,1,7,,18316,11,0,8,1,8,,18317,13,0,8,1,7,,18318,11,0,8,1,8,,18319,13,0,8,1,7,,18320,11,0,8,1,48,,18321,13,0,8,1,7,,18322,11,0,8,1,8,,18323,13,0,8,1,7,,18324,11,0,8,1,8,,18325,13,0,8,1,7,,18326,11,0,8,1,8,,18327,13,0,8,1,7,,18328,11,0,8,1,48,,18329,13,0,8,1,7,,18330,11,0,8,1,8,,18331,13,0,8,1,7,,18332,11,0,8,1,8,,18333,13,0,8,1,7,,18334,11,0,8,1,8,,18335,13,0,8,1,7,,18336,11,0,8,1,48,,18337,13,0,8,1,5,,18338,11,0,8,1,4,,18339,7,0,8,1,6,,18340,13,0,8,1,7,,18341,11,0,8,1,7,,18342,13,0,8,1,5,,18343,11,0,8,1,4,,18344,7,0,8,1
400101,'16B156',601,,15254,13,0,8,1,8,,15255,11,0,8,1,7,,15256,13,0,8,1,8,,15257,11,0,8,1,7,,15258,13,0,8,1,8,,15259,11,0,8,1,7,,15260,13,0,8,1,8,,15261,11,0,8,1,47,,15262,13,0,8,1,8,,15263,11,0,8,1,7,,15264,13,0,8,1,8,,15265,11,0,8,1,7,,15266,13,0,8,1,8,,15267,11,0,8,1,7,,15268,13,0,8,1,8,,15269,11,0,8,1,47,,15270,13,0,8,1,8,,15271,11,0,8,1,7,,15272,13,0,8,1,8,,15273,11,0,8,1,7,,15274,13,0,8,1,8,,15275,11,0,8,1,7,,15276,13,0,8,1,8,,15277,11,0,8,1,47,,15278,13,0,8,1,8,,15279,11,0,8,1,7,,15280,13,0,8,1,8,,15281,11,0,8,1,7,,15282,13,0,8,1,8,,15283,11,0,8,1,7,,15284,13,0,8,1,8,,15285,11,0,8,1,47,,15286,13,0,8,1,8,,15287,11,0,8,1,7,,15288,13,0,8,1,8,,15289,11,0,8,1,7,,15290,13,0,8,1,8,,15291,11,0,8,1,7,,15292,13,0,8,1,8,,15293,11,0,8,1,47,,15294,13,0,8,1,8,,15295,11,0,8,1,7,,15296,13,0,8,1,8,,15297,11,0,8,1,7,,15298,13,0,8,1,8,,15299,11,0,8,1,7,,15300,13,0,8,1,8,,15301,11,0,8,1,47,,15302,13,0,8,1,8,,15303,11,0,8,1,7,,15304,13,0,8,1,8,,15305,11,0,8,1,7,,15306,13,0,8,1,8,,15307,11,0,8,1,7,,15308,13,0,8,1,8,,15309,11,0,8,1,47,,15310,13,0,8,1,8,,15311,11,0,8,1,7,,15312,13,0,8,1,8,,15313,11,0,8,1,7,,15314,13,0,8,1,8,,15315,11,0,8,1,7,,15316,13,0,8,1,8,,15317,11,0,8,1,47,,15318,13,0,8,1,8,,15319,11,0,8,1,7,,15320,13,0,8,1,8,,15321,11,0,8,1,7,,15322,13,0,8,1,8,,15323,11,0,8,1,7,,15324,13,0,8,1,8,,15325,11,0,8,1,47,,15326,13,0,8,1,8,,15327,11,0,8,1,7,,15328,13,0,8,1,8,,15329,11,0,8,1,7,,15330,13,0,8,1,8,,15331,11,0,8,1,7,,15332,13,0,8,1,8,,15333,11,0,8,1,47,,15334,13,0,8,1,8,,15335,11,0,8,1,7,,15336,13,0,8,1,8,,15337,11,0,8,1,7,,15338,13,0,8,1,8,,15339,11,0,8,1,7,,15340,13,0,8,1,8,,15341,11,0,8,1,47,,15342,13,0,8,1,8,,15343,11,0,8,1,7,,15344,13,0,8,1,8,,15345,11,0,8,1,7,,15346,13,0,8,1,8,,15347,11,0,8,1,7,,15348,13,0,8,1,8,,15349,11,0,8,1,47,,15350,13,0,8,1,8,,15351,11,0,8,1,7,,15352,13,0,8,1,8,,15353,11,0,8,1,7,,15354,13,0,8,1,8,,15355,11,0,8,1,7,,15356,13,0,8,1,8,,15357,11,0,8,1,47,,15358,13,0,8,1,8,,15359,11,0,8,1,7,,15360,13,0,8,1,8,,15361,11,0,8,1,7,,15362,13,0,8,1,8,,15363,11,0,8,1,7,,15364,13,0,8,1,8,,15365,11,0,8,1,47,,15366,13,0,8,1,8,,15367,11,0,8,1,7,,15368,13,0,8,1,8,,15369,11,0,8,1,7,,15370,13,0,8,1,8,,15371,11,0,8,1,7,,15372,13,0,8,1,8,,15373,11,0,8,1,47,,15374,13,0,8,1,8,,15375,11,0,8,1,7,,15376,13,0,8,1,8,,15377,11,0,8,1,7,,15378,13,0,8,1,8,,15379,11,0,8,1,7,,15380,13,0,8,1,8,,15381,11,0,8,1,47,,15382,13,0,8,1,8,,15383,11,0,8,1,7,,15384,13,0,8,1,8,,15385,11,0,8,1,7,,15386,13,0,8,1,8,,15387,11,0,8,1,7,,15388,13,0,8,1,8,,15389,11,0,8,1,47,,15390,13,0,8,1,8,,15391,11,0,8,1,7,,15392,13,0,8,1,8,,15393,11,0,8,1,7,,15394,13,0,8,1,8,,15395,11,0,8,1,7,,15396,13,0,8,1,8,,15397,11,0,8,1,47,,15398,13,0,8,1,8,,15399,11,0,8,1,7,,15400,13,0,8,1,8,,15401,11,0,8,1,7,,15402,13,0,8,1,5,,15403,11,0,8,1,4,,15404,7,0,8,1,6,,15405,13,0,8,1,7,,15406,11,0,8,1,47,40,15407,13,0,8,1,5,,15408,11,0,8,1,4,,15409,7,0,8,1
400101,'16B160',601,,15413,13,0,8,1,8,,15414,11,0,8,1,7,,15415,13,0,8,1,8,,15416,11,0,8,1,7,,15417,13,0,8,1,8,,15418,11,0,8,1,7,,15419,13,0,8,1,8,,15420,11,0,8,1,47,,15421,13,0,8,1,8,,15422,11,0,8,1,7,,15423,13,0,8,1,8,,15424,11,0,8,1,7,,15425,13,0,8,1,8,,15426,11,0,8,1,7,,15427,13,0,8,1,8,,15428,11,0,8,1,47,,15429,13,0,8,1,8,,15430,11,0,8,1,7,,15431,13,0,8,1,8,,15432,11,0,8,1,7,,15433,13,0,8,1,8,,15434,11,0,8,1,7,,15435,13,0,8,1,8,,15436,11,0,8,1,47,,15437,13,0,8,1,8,,15438,11,0,8,1,7,,15439,13,0,8,1,8,,15440,11,0,8,1,7,,15441,13,0,8,1,8,,15442,11,0,8,1,7,,15443,13,0,8,1,8,,15444,11,0,8,1,47,,15445,13,0,8,1,8,,15446,11,0,8,1,7,,15447,13,0,8,1,8,,15448,11,0,8,1,7,,15449,13,0,8,1,8,,15450,11,0,8,1,7,,15451,13,0,8,1,8,,15452,11,0,8,1,47,,15453,13,0,8,1,8,,15454,11,0,8,1,7,,15455,13,0,8,1,8,,15456,11,0,8,1,7,,15457,13,0,8,1,8,,15458,11,0,8,1,7,,15459,13,0,8,1,8,,15460,11,0,8,1,47,,15461,13,0,8,1,8,,15462,11,0,8,1,7,,15463,13,0,8,1,8,,15464,11,0,8,1,7,,15465,13,0,8,1,8,,15466,11,0,8,1,7,,15467,13,0,8,1,8,,15468,11,0,8,1,47,,15469,13,0,8,1,8,,15470,11,0,8,1,7,,15471,13,0,8,1,8,,15472,11,0,8,1,7,,15473,13,0,8,1,8,,15474,11,0,8,1,7,,15475,13,0,8,1,8,,15476,11,0,8,1,47,,15477,13,0,8,1,8,,15478,11,0,8,1,7,,15479,13,0,8,1,8,,15480,11,0,8,1,7,,15481,13,0,8,1,8,,15482,11,0,8,1,7,,15483,13,0,8,1,8,,15484,11,0,8,1,47,,15485,13,0,8,1,8,,15486,11,0,8,1,7,,15487,13,0,8,1,8,,15488,11,0,8,1,7,,15489,13,0,8,1,8,,15490,11,0,8,1,7,,15491,13,0,8,1,8,,15492,11,0,8,1,47,,15493,13,0,8,1,8,,15494,11,0,8,1,7,,15495,13,0,8,1,8,,15496,11,0,8,1,7,,15497,13,0,8,1,8,,15498,11,0,8,1,7,,15499,13,0,8,1,8,,15500,11,0,8,1,47,,15501,13,0,8,1,8,,15502,11,0,8,1,7,,15503,13,0,8,1,8,,15504,11,0,8,1,7,,15505,13,0,8,1,8,,15506,11,0,8,1,7,,15507,13,0,8,1,8,,15508,11,0,8,1,47,,15509,13,0,8,1,8,,15510,11,0,8,1,7,,15511,13,0,8,1,8,,15512,11,0,8,1,7,,15513,13,0,8,1,8,,15514,11,0,8,1,7,,15515,13,0,8,1,8,,15516,11,0,8,1,47,,15517,13,0,8,1,8,,15518,11,0,8,1,7,,15519,13,0,8,1,8,,15520,11,0,8,1,7,,15521,13,0,8,1,8,,15522,11,0,8,1,7,,15523,13,0,8,1,8,,15524,11,0,8,1,47,,15525,13,0,8,1,8,,15526,11,0,8,1,7,,15527,13,0,8,1,8,,15528,11,0,8,1,7,,15529,13,0,8,1,8,,15530,11,0,8,1,7,,15531,13,0,8,1,8,,15532,11,0,8,1,47,,15533,13,0,8,1,8,,15534,11,0,8,1,7,,15535,13,0,8,1,8,,15536,11,0,8,1,7,,15537,13,0,8,1,8,,15538,11,0,8,1,7,,15539,13,0,8,1,8,,15540,11,0,8,1,47,,15541,13,0,8,1,8,,15542,11,0,8,1,7,,15543,13,0,8,1,8,,15544,11,0,8,1,7,,15545,13,0,8,1,8,,15546,11,0,8,1,7,,15547,13,0,8,1,8,,15548,11,0,8,1,47,,15549,13,0,8,1,8,,15550,11,0,8,1,7,,15551,13,0,8,1,8,,15552,11,0,8,1,7,,15553,13,0,8,1,8,,15554,11,0,8,1,7,,15555,13,0,8,1,8,,15556,11,0,8,1,47,,15557,13,0,8,1,8,,15558,11,0,8,1,7,,15559,13,0,8,1,8,,15560,11,0,8,1,7,,15561,13,0,8,1,8,,15562,11,0,8,1,7,,15563,13,0,8,1,8,,15564,11,0,8,1,47,,15565,13,0,8,1,5,,15566,11,0,8,1,4,,15567,7,0,8,1,6,,15568,13,0,8,1,6,,15569,11,0,8,1,8,,15570,13,0,8,1,5,,15571,11,0,8,1,4,,15572,7,0,8,1
400101,'32B220',601,,15576,13,0,8,1,8,,15577,11,0,8,1,7,,15578,13,0,8,1,8,,15579,11,0,8,1,7,,15580,13,0,8,1,8,,15581,11,0,8,1,7,,15582,13,0,8,1,8,,15583,11,0,8,1,47,,15584,13,0,8,1,6,,15585,11,0,8,1,4,,15586,13,0,8,1,3,,15587,7,0,8,1,4,,15588,13,0,8,1,3,,15589,11,0,8,1,4,,15590,13,0,8,1,3,,15591,7,0,8,1,4,,15592,13,0,8,1,3,,15593,11,0,8,1,4,,15594,13,0,8,1,3,,15595,7,0,8,1,4,,15596,13,0,8,1,3,,15597,11,0,8,1,4,,15598,13,0,8,1,3,,15599,7,0,8,1,44,40,15600,13,0,8,1,3,,15601,11,0,8,1,4,,15602,13,0,8,1,3,,15603,7,0,8,1,4,,15604,13,0,8,1,3,,15605,11,0,8,1,4,,15606,13,0,8,1,3,,15607,7,0,8,1,4,,15608,13,0,8,1,3,,15609,11,0,8,1,4,,15610,13,0,8,1,3,,15611,7,0,8,1,4,,15612,13,0,8,1,3,,15613,11,0,8,1,4,,15614,13,0,8,1,3,,15615,7,0,8,1,4,,15616,13,0,8,1,3,,15617,11,0,8,1,44,,15618,13,0,8,1,3,,15619,7,0,8,1,4,,15620,13,0,8,1,3,,15621,11,0,8,1,4,,15622,13,0,8,1,3,,15623,7,0,8,1,4,,15624,13,0,8,1,3,,15625,11,0,8,1,4,,15626,13,0,8,1,3,,15627,7,0,8,1,4,,15628,13,0,8,1,3,,15629,11,0,8,1,4,,15630,13,0,8,1,3,,15631,7,0,8,1,4,,15632,13,0,8,1,3,,15633,11,0,8,1,4,,15634,13,0,8,1,43,,15635,7,0,8,1,4,,15636,13,0,8,1,3,,15637,11,0,8,1,4,,15638,13,0,8,1,4,,15639,7,0,8,1,3,,15640,11,0,8,1,4,,15641,13,0,8,1,6,,15642,11,0,8,1,7,,15643,13,0,8,1,8,,15644,11,0,8,1,7,,15645,13,0,8,1,48,40,15646,11,0,8,1,7,,15647,13,0,8,1,8,,15648,11,0,8,1,7,,15649,13,0,8,1,8,,15650,11,0,8,1,7,,15651,13,0,8,1,8,,15652,11,0,8,1,7,,15653,13,0,8,1,48,40,15654,11,0,8,1,7,,15655,13,0,8,1,8,,15656,11,0,8,1,7,,15657,13,0,8,1,8,,15658,11,0,8,1,7,,15659,13,0,8,1,8,,15660,11,0,8,1,7,,15661,13,0,8,1,48,40,15662,11,0,8,1,7,,15663,13,0,8,1,8,,15664,11,0,8,1,7,,15665,13,0,8,1,8,,15666,11,0,8,1,7,,15667,13,0,8,1,8,,15668,11,0,8,1,7,,15669,13,0,8,1,48,40,15670,11,0,8,1,7,,15671,13,0,8,1,8,,15672,11,0,8,1,7,,15673,13,0,8,1,8,,15674,11,0,8,1,7,,15675,13,0,8,1,8,,15676,11,0,8,1,7,,15677,13,0,8,1,48,40,15678,11,0,8,1,7,,15679,13,0,8,1,8,,15680,11,0,8,1,6,,15681,13,0,8,1,4,,15682,11,0,8,1,4,,15683,13,0,8,1,3,,15684,7,0,8,1,4,,15685,13,0,8,1,3,,15686,11,0,8,1,4,,15687,13,0,8,1,3,,15688,7,0,8,1,4,,15689,13,0,8,1,3,,15690,11,0,8,1,4,,15691,13,0,8,1,43,,15692,7,0,8,1,4,,15693,13,0,8,1,3,,15694,11,0,8,1,4,,15695,13,0,8,1,3,,15696,7,0,8,1,4,,15697,13,0,8,1,3,,15698,11,0,8,1,4,,15699,13,0,8,1,3,,15700,7,0,8,1,4,,15701,13,0,8,1,3,,15702,11,0,8,1,4,,15703,13,0,8,1,3,,15704,7,0,8,1,4,,15705,13,0,8,1,3,,15706,11,0,8,1,4,,15707,13,0,8,1,3,,15708,7,0,8,1,44,40,15709,13,0,8,1,3,,15710,11,0,8,1,4,,15711,13,0,8,1,3,,15712,7,0,8,1,4,,15713,13,0,8,1,3,,15714,11,0,8,1,4,,15715,13,0,8,1,3,,15716,7,0,8,1,4,,15717,13,0,8,1,3,,15718,11,0,8,1,4,,15719,13,0,8,1,3,,15720,7,0,8,1,4,,15721,13,0,8,1,3,,15722,11,0,8,1,4,,15723,13,0,8,1,3,,15724,7,0,8,1,4,,15725,13,0,8,1,3,,15726,11,0,8,1,44,,15727,13,0,8,1,3,,15728,7,0,8,1,4,,15729,13,0,8,1,3,,15730,11,0,8,1,4,,15731,13,0,8,1,3,,15732,7,0,8,1,4,,15733,13,0,8,1,3,,15734,11,0,8,1,4,,15735,13,0,8,1,3,,15736,7,0,8,1,4,,15737,13,0,8,1,3,,15738,11,0,8,1,4,,15739,13,0,8,1,3,,15740,7,0,8,1,4,,15741,13,0,8,1,3,,15742,11,0,8,1,45,,15743,13,0,8,1,5,,15744,11,0,8,1,4,,15745,13,0,8,1,6,,15746,11,0,8,1,4,,15747,13,0,8,1,5,,15748,13,0,8,1,5,,15749,11,0,8,1,7,,15750,13,0,8,1,7,,15751,11,0,8,1,8,,15752,13,0,8,1,7,,15753,11,0,8,1,48,,15754,13,0,8,1,7,,15755,11,0,8,1,8,,15756,13,0,8,1,7,,15757,11,0,8,1,8,,15758,13,0,8,1,7,,15759,11,0,8,1,8,,15760,13,0,8,1,7,,15761,11,0,8,1,48,,15762,13,0,8,1,7,,15763,11,0,8,1,8,,15764,13,0,8,1,7,,15765,11,0,8,1,8,,15766,13,0,8,1,7,,15767,11,0,8,1,8,,15768,13,0,8,1,7,,15769,11,0,8,1,48,,15770,13,0,8,1,7,,15771,11,0,8,1,8,,15772,13,0,8,1,7,,15773,11,0,8,1,8,,15774,13,0,8,1,7,,15775,11,0,8,1,8,,15776,13,0,8,1,7,,15777,11,0,8,1,48,,15778,13,0,8,1,7,,15779,11,0,8,1,8,,15780,13,0,8,1,7,,15781,11,0,8,1,8,,15782,13,0,8,1,7,,15783,11,0,8,1,8,,15784,13,0,8,1,7,,15785,11,0,8,1,48,,15786,13,0,8,1,7,,15787,11,0,8,1,8,,15788,13,0,8,1,7,,15789,11,0,8,1,8,,15790,13,0,8,1,7,,15791,11,0,8,1,8,,15792,13,0,8,1,7,,15793,11,0,8,1,45,,15794,13,0,8,1,4,,15795,11,0,8,1
